2000-1-1 2:53:55	1716342	0.00	1575708	0.00	0.00
2000-1-1 2:53:56	1716498	0.00	1716091	0.00	0.00
2000-1-1 2:53:56	1716581	0.00	1716490	0.00	0.00
2000-1-1 2:53:56	1716663	0.00	1716572	0.00	0.00
2000-1-1 2:53:56	1716745	0.00	1716655	0.00	0.00
2000-1-1 2:53:56	1716829	0.00	1716737	0.00	0.00
2000-1-1 2:53:56	1716914	0.00	1716820	0.00	0.00
2000-1-1 2:53:56	1716996	0.00	1716904	0.00	0.00
2000-1-1 2:53:56	1717078	0.00	1716987	0.00	0.00
2000-1-1 2:53:56	1717163	0.00	1717069	0.00	0.00
2000-1-1 2:53:56	1717246	0.00	1717153	0.00	0.00
2000-1-1 2:53:56	1717332	0.00	1717238	0.00	0.00
2000-1-1 2:53:56	1717415	0.00	1717323	0.00	0.00
2000-1-1 2:53:57	1717500	0.00	1717407	0.00	0.00
2000-1-1 2:53:57	1717583	0.00	1717491	0.00	0.00
2000-1-1 2:53:57	1717665	0.00	1717575	0.00	0.00
2000-1-1 2:53:57	1717748	0.00	1717657	0.00	0.00
2000-1-1 2:53:57	1717833	0.00	1717740	0.00	0.00
2000-1-1 2:53:57	1717916	0.00	1717824	0.00	0.00
2000-1-1 2:53:57	1717998	0.00	1717908	0.00	0.00
2000-1-1 2:53:57	1718081	0.00	1717990	0.00	0.00
2000-1-1 2:53:57	1718169	0.00	1718073	0.00	0.00
2000-1-1 2:53:57	1718252	0.00	1718161	0.00	0.00
2000-1-1 2:53:57	1718336	0.00	1718244	0.00	0.00
2000-1-1 2:53:57	1718419	0.00	1718328	0.00	0.00
2000-1-1 2:53:58	1718503	0.00	1718411	0.00	0.00
2000-1-1 2:53:58	1718586	0.00	1718494	0.00	0.00
2000-1-1 2:53:58	1718669	0.00	1718578	0.00	0.00
2000-1-1 2:53:58	1718753	0.00	1718661	0.00	0.00
2000-1-1 2:53:58	1718836	0.00	1718745	0.00	0.00
2000-1-1 2:53:58	1718919	0.00	1718828	0.00	0.00
2000-1-1 2:53:58	1719003	0.00	1718910	0.00	0.00
2000-1-1 2:53:58	1719089	0.00	1718994	0.00	0.00
2000-1-1 2:53:58	1719173	0.00	1719080	0.00	0.00
2000-1-1 2:53:58	1719258	0.00	1719164	0.00	0.00
2000-1-1 2:53:58	1719341	0.00	1719249	0.00	0.00
2000-1-1 2:53:58	1719422	0.00	1719332	0.00	0.00
2000-1-1 2:53:59	1719506	0.00	1719414	0.00	0.00
2000-1-1 2:53:59	1719590	0.00	1719498	0.00	0.00
2000-1-1 2:53:59	1719674	0.00	1719582	0.00	0.00
2000-1-1 2:53:59	1719756	0.00	1719666	0.00	0.00
2000-1-1 2:53:59	1719839	0.00	1719748	0.00	0.00
2000-1-1 2:53:59	1719928	0.00	1719831	0.00	0.00
2000-1-1 2:53:59	1720011	0.00	1719920	0.00	0.00
2000-1-1 2:53:59	1720093	0.00	1720003	0.00	0.00
2000-1-1 2:53:59	1720178	0.00	1720085	0.00	0.00
2000-1-1 2:53:59	1720262	0.00	1720170	0.00	0.00
2000-1-1 2:53:59	1720344	0.00	1720254	0.00	0.00
2000-1-1 2:53:59	1720426	0.00	1720336	0.00	0.00
2000-1-1 2:54:0	1720511	0.00	1720418	0.00	0.00
2000-1-1 2:54:0	1720596	0.00	1720503	0.00	0.00
2000-1-1 2:54:0	1720678	0.00	1720588	0.00	0.00
2000-1-1 2:54:0	1720765	0.00	1720670	0.00	0.00
2000-1-1 2:54:0	1720849	0.00	1720752	0.00	0.00
2000-1-1 2:54:0	1720933	0.00	1720841	0.00	0.00
2000-1-1 2:54:0	1721015	0.00	1720925	0.00	0.00
2000-1-1 2:54:0	1721098	0.00	1721007	0.00	0.00
2000-1-1 2:54:0	1721183	0.00	1721090	0.00	0.00
2000-1-1 2:54:0	1721266	0.00	1721175	0.00	0.00
2000-1-1 2:54:0	1721348	0.00	1721257	0.00	0.00
2000-1-1 2:54:0	1721432	0.00	1721339	0.00	0.00
2000-1-1 2:54:1	1721517	0.00	1721423	0.00	0.00
2000-1-1 2:54:1	1721600	0.00	1721507	0.00	0.00
2000-1-1 2:54:1	1721687	0.00	1721591	0.00	0.00
2000-1-1 2:54:1	1721769	0.00	1721678	0.00	0.00
2000-1-1 2:54:1	1721852	0.00	1721761	0.00	0.00
2000-1-1 2:54:1	1721936	0.00	1721844	0.00	0.00
2000-1-1 2:54:1	1722019	0.00	1721928	0.00	0.00
2000-1-1 2:54:1	1722102	0.00	1722011	0.00	0.00
2000-1-1 2:54:1	1722186	0.00	1722094	0.00	0.00
2000-1-1 2:54:1	1722269	0.00	1722178	0.00	0.00
2000-1-1 2:54:1	1722353	0.00	1722261	0.00	0.00
2000-1-1 2:54:1	1722436	0.00	1722344	0.00	0.00
2000-1-1 2:54:2	1722519	0.00	1722428	0.00	0.00
2000-1-1 2:54:2	1722608	0.00	1722511	0.00	0.00
2000-1-1 2:54:2	1722692	0.00	1722600	0.00	0.00
2000-1-1 2:54:2	1722774	0.00	1722684	0.00	0.00
2000-1-1 2:54:2	1722857	0.00	1722766	0.00	0.00
2000-1-1 2:54:2	1722943	0.00	1722849	0.00	0.00
2000-1-1 2:54:2	1723027	0.00	1722935	0.00	0.00
2000-1-1 2:54:2	1723109	0.00	1723019	0.00	0.00
2000-1-1 2:54:2	1723192	0.00	1723101	0.00	0.00
2000-1-1 2:54:2	1723277	0.00	1723184	0.00	0.00
2000-1-1 2:54:2	1723360	0.00	1723269	0.00	0.00
2000-1-1 2:54:3	1723691	0.00	1723352	0.00	0.00
2000-1-1 2:54:3	1723850	0.00	1723433	0.00	0.00
2000-1-1 2:54:3	1723934	0.00	1723840	0.00	0.00
2000-1-1 2:54:3	1724018	0.00	1723924	0.00	0.00
2000-1-1 2:54:3	1724103	0.00	1724008	0.00	0.00
2000-1-1 2:54:3	1724189	0.00	1724092	0.00	0.00
2000-1-1 2:54:3	1724276	0.00	1724179	0.00	0.00
2000-1-1 2:54:3	1724360	0.00	1724265	0.00	0.00
2000-1-1 2:54:4	1724444	0.00	1724350	0.00	0.00
2000-1-1 2:54:4	1724531	0.00	1724434	0.00	0.00
2000-1-1 2:54:4	1724618	0.00	1724521	0.00	0.00
2000-1-1 2:54:4	1724706	0.00	1724608	0.00	0.00
2000-1-1 2:54:4	1724791	0.00	1724696	0.00	0.00
2000-1-1 2:54:4	1724878	0.00	1724781	0.00	0.00
2000-1-1 2:54:4	1724964	0.00	1724868	0.00	0.00
2000-1-1 2:54:4	1725048	0.00	1724953	0.00	0.00
2000-1-1 2:54:4	1725133	0.00	1725038	0.00	0.00
2000-1-1 2:54:4	1725220	0.00	1725123	0.00	0.00
2000-1-1 2:54:4	1725305	0.00	1725210	0.00	0.00
2000-1-1 2:54:4	1725390	0.00	1725295	0.00	0.00
2000-1-1 2:54:5	1725475	0.00	1725380	0.00	0.00
2000-1-1 2:54:5	1725562	0.00	1725465	0.00	0.00
2000-1-1 2:54:5	1725651	0.00	1725552	0.00	0.00
2000-1-1 2:54:5	1725737	0.00	1725641	0.00	0.00
2000-1-1 2:54:5	1725822	0.00	1725726	0.00	0.00
2000-1-1 2:54:5	1725908	0.00	1725812	0.00	0.00
2000-1-1 2:54:5	1725993	0.00	1725898	0.00	0.00
2000-1-1 2:54:5	1726080	0.00	1725983	0.00	0.00
2000-1-1 2:54:5	1726163	0.00	1726068	0.00	0.00
2000-1-1 2:54:5	1726249	0.00	1726153	0.00	0.00
2000-1-1 2:54:5	1726334	0.00	1726239	0.00	0.00
2000-1-1 2:54:5	1726420	0.00	1726324	0.00	0.00
2000-1-1 2:54:6	1726510	0.00	1726409	0.00	0.00
2000-1-1 2:54:6	1726595	0.00	1726495	0.00	0.00
2000-1-1 2:54:6	1726682	0.00	1726584	0.00	0.00
2000-1-1 2:54:6	1726768	0.00	1726671	0.00	0.00
2000-1-1 2:54:6	1726853	0.00	1726757	0.00	0.00
2000-1-1 2:54:6	1726938	0.00	1726841	0.00	0.00
2000-1-1 2:54:6	1727025	0.00	1726927	0.00	0.00
2000-1-1 2:54:6	1727110	0.00	1727013	0.00	0.00
2000-1-1 2:54:6	1727194	0.00	1727099	0.00	0.00
2000-1-1 2:54:6	1727280	0.00	1727183	0.00	0.00
2000-1-1 2:54:6	1727367	0.00	1727269	0.00	0.00
2000-1-1 2:54:7	1727456	0.00	1727355	0.00	0.00
2000-1-1 2:54:7	1727540	0.00	1727444	0.00	0.00
2000-1-1 2:54:7	1727627	0.00	1727529	0.00	0.00
2000-1-1 2:54:7	1727714	0.00	1727617	0.00	0.00
2000-1-1 2:54:7	1727798	0.00	1727703	0.00	0.00
2000-1-1 2:54:7	1727882	0.00	1727788	0.00	0.00
2000-1-1 2:54:7	1727969	0.00	1727872	0.00	0.00
2000-1-1 2:54:7	1728056	0.00	1727959	0.00	0.00
2000-1-1 2:54:7	1728140	0.00	1728045	0.00	0.00
2000-1-1 2:54:7	1728224	0.00	1728130	0.00	0.00
2000-1-1 2:54:7	1728311	0.00	1728214	0.00	0.00
2000-1-1 2:54:7	1728402	0.00	1728301	0.00	0.00
2000-1-1 2:54:8	1728486	0.00	1728391	0.00	0.00
2000-1-1 2:54:8	1728572	0.00	1728476	0.00	0.00
2000-1-1 2:54:8	1728658	0.00	1728561	0.00	0.00
2000-1-1 2:54:8	1728744	0.00	1728648	0.00	0.00
2000-1-1 2:54:8	1728828	0.00	1728734	0.00	0.00
2000-1-1 2:54:8	1728914	0.00	1728818	0.00	0.00
2000-1-1 2:54:8	1729001	0.00	1728904	0.00	0.00
2000-1-1 2:54:8	1729086	0.00	1728990	0.00	0.00
2000-1-1 2:54:8	1729170	0.00	1729076	0.00	0.00
2000-1-1 2:54:8	1729261	0.00	1729160	0.00	0.00
2000-1-1 2:54:8	1729346	0.00	1729246	0.00	0.00
2000-1-1 2:54:8	1729432	0.00	1729336	0.00	0.00
2000-1-1 2:54:9	1729517	0.00	1729421	0.00	0.00
2000-1-1 2:54:9	1729603	0.00	1729507	0.00	0.00
2000-1-1 2:54:9	1729689	0.00	1729593	0.00	0.00
2000-1-1 2:54:9	1729774	0.00	1729678	0.00	0.00
2000-1-1 2:54:9	1729860	0.00	1729764	0.00	0.00
2000-1-1 2:54:9	1729945	0.00	1729849	0.00	0.00
2000-1-1 2:54:9	1730031	0.00	1729935	0.00	0.00
2000-1-1 2:54:9	1730116	0.00	1730021	0.00	0.00
2000-1-1 2:54:9	1730207	0.00	1730106	0.00	0.00
2000-1-1 2:54:9	1730291	0.00	1730197	0.00	0.00
2000-1-1 2:54:9	1730377	0.00	1730281	0.00	0.00
2000-1-1 2:54:10	1730465	0.00	1730367	0.00	0.00
2000-1-1 2:54:10	1730551	0.00	1730454	0.00	0.00
2000-1-1 2:54:10	1730635	0.00	1730540	0.00	0.00
2000-1-1 2:54:10	1730721	0.00	1730625	0.00	0.00
2000-1-1 2:54:10	1730807	0.00	1730710	0.00	0.00
2000-1-1 2:54:10	1730893	0.00	1730797	0.00	0.00
2000-1-1 2:54:10	1730977	0.00	1730883	0.00	0.00
2000-1-1 2:54:10	1731063	0.00	1730967	0.00	0.00
2000-1-1 2:54:11	1731467	0.00	1731052	0.00	0.00
2000-1-1 2:54:11	1731551	0.00	1731457	0.00	0.00
2000-1-1 2:54:11	1731636	0.00	1731540	0.00	0.00
2000-1-1 2:54:11	1731720	0.00	1731624	0.00	0.00
2000-1-1 2:54:11	1731807	0.00	1731709	0.00	0.00
2000-1-1 2:54:11	1731893	0.00	1731795	0.00	0.00
2000-1-1 2:54:11	1731978	0.00	1731883	0.00	0.00
2000-1-1 2:54:11	1732062	0.00	1731966	0.00	0.00
2000-1-1 2:54:11	1732149	0.00	1732051	0.00	0.00
2000-1-1 2:54:11	1732236	0.00	1732139	0.00	0.00
2000-1-1 2:54:11	1732323	0.00	1732225	0.00	0.00
2000-1-1 2:54:11	1732409	0.00	1732313	0.00	0.00
2000-1-1 2:54:12	1732496	0.00	1732399	0.00	0.00
2000-1-1 2:54:12	1732581	0.00	1732485	0.00	0.00
2000-1-1 2:54:12	1732666	0.00	1732571	0.00	0.00
2000-1-1 2:54:12	1732751	0.00	1732655	0.00	0.00
2000-1-1 2:54:12	1732838	0.00	1732740	0.00	0.00
2000-1-1 2:54:12	1732923	0.00	1732827	0.00	0.00
2000-1-1 2:54:12	1733007	0.00	1732913	0.00	0.00
2000-1-1 2:54:12	1733093	0.00	1732997	0.00	0.00
2000-1-1 2:54:12	1733179	0.00	1733083	0.00	0.00
2000-1-1 2:54:12	1733268	0.00	1733169	0.00	0.00
2000-1-1 2:54:12	1733354	0.00	1733258	0.00	0.00
2000-1-1 2:54:13	1733439	0.00	1733343	0.00	0.00
2000-1-1 2:54:13	1733525	0.00	1733429	0.00	0.00
2000-1-1 2:54:13	1733610	0.00	1733514	0.00	0.00
2000-1-1 2:54:13	1733696	0.00	1733600	0.00	0.00
2000-1-1 2:54:13	1733781	0.00	1733685	0.00	0.00
2000-1-1 2:54:13	1733867	0.00	1733771	0.00	0.00
2000-1-1 2:54:13	1733952	0.00	1733856	0.00	0.00
2000-1-1 2:54:13	1734038	0.00	1733942	0.00	0.00
2000-1-1 2:54:13	1734126	0.00	1734027	0.00	0.00
2000-1-1 2:54:13	1734212	0.00	1734116	0.00	0.00
2000-1-1 2:54:13	1734299	0.00	1734202	0.00	0.00
2000-1-1 2:54:13	1734385	0.00	1734289	0.00	0.00
2000-1-1 2:54:14	1734470	0.00	1734375	0.00	0.00
2000-1-1 2:54:14	1734555	0.00	1734459	0.00	0.00
2000-1-1 2:54:14	1734642	0.00	1734545	0.00	0.00
2000-1-1 2:54:14	1734727	0.00	1734631	0.00	0.00
2000-1-1 2:54:14	1734812	0.00	1734717	0.00	0.00
2000-1-1 2:54:14	1734897	0.00	1734801	0.00	0.00
2000-1-1 2:54:14	1734989	0.00	1734887	0.00	0.00
2000-1-1 2:54:14	1735073	0.00	1734974	0.00	0.00
2000-1-1 2:54:14	1735157	0.00	1735063	0.00	0.00
2000-1-1 2:54:14	1735244	0.00	1735147	0.00	0.00
2000-1-1 2:54:14	1735331	0.00	1735234	0.00	0.00
2000-1-1 2:54:14	1735415	0.00	1735321	0.00	0.00
2000-1-1 2:54:15	1735500	0.00	1735405	0.00	0.00
2000-1-1 2:54:15	1735587	0.00	1735489	0.00	0.00
2000-1-1 2:54:15	1735673	0.00	1735576	0.00	0.00
2000-1-1 2:54:15	1735758	0.00	1735663	0.00	0.00
2000-1-1 2:54:15	1735842	0.00	1735747	0.00	0.00
2000-1-1 2:54:15	1735934	0.00	1735832	0.00	0.00
2000-1-1 2:54:15	1736019	0.00	1735923	0.00	0.00
2000-1-1 2:54:15	1736103	0.00	1736009	0.00	0.00
2000-1-1 2:54:15	1736189	0.00	1736093	0.00	0.00
2000-1-1 2:54:15	1736276	0.00	1736179	0.00	0.00
2000-1-1 2:54:15	1736361	0.00	1736265	0.00	0.00
2000-1-1 2:54:16	1736446	0.00	1736351	0.00	0.00
2000-1-1 2:54:16	1736531	0.00	1736435	0.00	0.00
2000-1-1 2:54:16	1736619	0.00	1736521	0.00	0.00
2000-1-1 2:54:16	1736705	0.00	1736608	0.00	0.00
2000-1-1 2:54:16	1736794	0.00	1736693	0.00	0.00
2000-1-1 2:54:16	1736879	0.00	1736778	0.00	0.00
2000-1-1 2:54:16	1736965	0.00	1736868	0.00	0.00
2000-1-1 2:54:16	1737050	0.00	1736954	0.00	0.00
2000-1-1 2:54:16	1737136	0.00	1737039	0.00	0.00
2000-1-1 2:54:16	1737222	0.00	1737125	0.00	0.00
2000-1-1 2:54:16	1737307	0.00	1737210	0.00	0.00
2000-1-1 2:54:16	1737393	0.00	1737296	0.00	0.00
2000-1-1 2:54:17	1737479	0.00	1737382	0.00	0.00
2000-1-1 2:54:17	1737564	0.00	1737467	0.00	0.00
2000-1-1 2:54:17	1737650	0.00	1737553	0.00	0.00
2000-1-1 2:54:17	1737741	0.00	1737639	0.00	0.00
2000-1-1 2:54:17	1737827	0.00	1737730	0.00	0.00
2000-1-1 2:54:17	1737911	0.00	1737817	0.00	0.00
2000-1-1 2:54:17	1737997	0.00	1737901	0.00	0.00
2000-1-1 2:54:17	1738084	0.00	1737986	0.00	0.00
2000-1-1 2:54:17	1738170	0.00	1738074	0.00	0.00
2000-1-1 2:54:17	1738255	0.00	1738160	0.00	0.00
2000-1-1 2:54:17	1738340	0.00	1738245	0.00	0.00
2000-1-1 2:54:17	1738427	0.00	1738330	0.00	0.00
2000-1-1 2:54:18	1738513	0.00	1738417	0.00	0.00
2000-1-1 2:54:18	1738842	0.00	1738502	0.00	0.00
2000-1-1 2:54:18	1739000	0.00	1738587	0.00	0.00
2000-1-1 2:54:18	1739084	0.00	1738989	0.00	0.00
2000-1-1 2:54:18	1739168	0.00	1739074	0.00	0.00
2000-1-1 2:54:18	1739253	0.00	1739158	0.00	0.00
2000-1-1 2:54:18	1739339	0.00	1739242	0.00	0.00
2000-1-1 2:54:18	1739426	0.00	1739329	0.00	0.00
2000-1-1 2:54:19	1739510	0.00	1739415	0.00	0.00
2000-1-1 2:54:19	1739594	0.00	1739500	0.00	0.00
2000-1-1 2:54:19	1739681	0.00	1739584	0.00	0.00
2000-1-1 2:54:19	1739768	0.00	1739671	0.00	0.00
2000-1-1 2:54:19	1739855	0.00	1739757	0.00	0.00
2000-1-1 2:54:19	1739941	0.00	1739845	0.00	0.00
2000-1-1 2:54:19	1740028	0.00	1739931	0.00	0.00
2000-1-1 2:54:19	1740113	0.00	1740018	0.00	0.00
2000-1-1 2:54:19	1740198	0.00	1740103	0.00	0.00
2000-1-1 2:54:19	1740283	0.00	1740187	0.00	0.00
2000-1-1 2:54:19	1740370	0.00	1740273	0.00	0.00
2000-1-1 2:54:20	1740455	0.00	1740359	0.00	0.00
2000-1-1 2:54:20	1740540	0.00	1740445	0.00	0.00
2000-1-1 2:54:20	1740625	0.00	1740529	0.00	0.00
2000-1-1 2:54:20	1740716	0.00	1740615	0.00	0.00
2000-1-1 2:54:20	1740802	0.00	1740705	0.00	0.00
2000-1-1 2:54:20	1740887	0.00	1740790	0.00	0.00
2000-1-1 2:54:20	1740973	0.00	1740876	0.00	0.00
2000-1-1 2:54:20	1741058	0.00	1740962	0.00	0.00
2000-1-1 2:54:20	1741144	0.00	1741047	0.00	0.00
2000-1-1 2:54:20	1741230	0.00	1741133	0.00	0.00
2000-1-1 2:54:20	1741315	0.00	1741218	0.00	0.00
2000-1-1 2:54:20	1741401	0.00	1741304	0.00	0.00
2000-1-1 2:54:21	1741486	0.00	1741389	0.00	0.00
2000-1-1 2:54:21	1741572	0.00	1741475	0.00	0.00
2000-1-1 2:54:21	1741661	0.00	1741560	0.00	0.00
2000-1-1 2:54:21	1741746	0.00	1741649	0.00	0.00
2000-1-1 2:54:21	1741833	0.00	1741735	0.00	0.00
2000-1-1 2:54:21	1741919	0.00	1741822	0.00	0.00
2000-1-1 2:54:21	1742004	0.00	1741908	0.00	0.00
2000-1-1 2:54:21	1742089	0.00	1741992	0.00	0.00
2000-1-1 2:54:21	1742176	0.00	1742078	0.00	0.00
2000-1-1 2:54:21	1742262	0.00	1742166	0.00	0.00
2000-1-1 2:54:21	1742346	0.00	1742251	0.00	0.00
2000-1-1 2:54:22	1742431	0.00	1742336	0.00	0.00
2000-1-1 2:54:22	1742523	0.00	1742420	0.00	0.00
2000-1-1 2:54:22	1742607	0.00	1742513	0.00	0.00
2000-1-1 2:54:22	1742691	0.00	1742597	0.00	0.00
2000-1-1 2:54:22	1742778	0.00	1742681	0.00	0.00
2000-1-1 2:54:22	1742865	0.00	1742768	0.00	0.00
2000-1-1 2:54:22	1742949	0.00	1742854	0.00	0.00
2000-1-1 2:54:22	1743033	0.00	1742939	0.00	0.00
2000-1-1 2:54:22	1743120	0.00	1743023	0.00	0.00
2000-1-1 2:54:22	1743207	0.00	1743110	0.00	0.00
2000-1-1 2:54:22	1743291	0.00	1743197	0.00	0.00
2000-1-1 2:54:22	1743380	0.00	1743281	0.00	0.00
2000-1-1 2:54:23	1743467	0.00	1743365	0.00	0.00
2000-1-1 2:54:23	1743553	0.00	1743457	0.00	0.00
2000-1-1 2:54:23	1743637	0.00	1743542	0.00	0.00
2000-1-1 2:54:23	1743723	0.00	1743627	0.00	0.00
2000-1-1 2:54:23	1743810	0.00	1743713	0.00	0.00
2000-1-1 2:54:23	1743895	0.00	1743799	0.00	0.00
2000-1-1 2:54:23	1743980	0.00	1743885	0.00	0.00
2000-1-1 2:54:23	1744065	0.00	1743969	0.00	0.00
2000-1-1 2:54:23	1744152	0.00	1744055	0.00	0.00
2000-1-1 2:54:23	1744238	0.00	1744142	0.00	0.00
2000-1-1 2:54:23	1744327	0.00	1744227	0.00	0.00
2000-1-1 2:54:23	1744412	0.00	1744317	0.00	0.00
2000-1-1 2:54:24	1744498	0.00	1744402	0.00	0.00
2000-1-1 2:54:24	1744584	0.00	1744488	0.00	0.00
2000-1-1 2:54:24	1744669	0.00	1744573	0.00	0.00
2000-1-1 2:54:24	1744755	0.00	1744659	0.00	0.00
2000-1-1 2:54:24	1744840	0.00	1744744	0.00	0.00
2000-1-1 2:54:24	1744926	0.00	1744830	0.00	0.00
2000-1-1 2:54:24	1745011	0.00	1744915	0.00	0.00
2000-1-1 2:54:24	1745097	0.00	1745001	0.00	0.00
2000-1-1 2:54:24	1745186	0.00	1745087	0.00	0.00
2000-1-1 2:54:24	1745273	0.00	1745172	0.00	0.00
2000-1-1 2:54:24	1745360	0.00	1745263	0.00	0.00
2000-1-1 2:54:25	1745444	0.00	1745349	0.00	0.00
2000-1-1 2:54:25	1745530	0.00	1745434	0.00	0.00
2000-1-1 2:54:25	1745617	0.00	1745519	0.00	0.00
2000-1-1 2:54:25	1745703	0.00	1745607	0.00	0.00
2000-1-1 2:54:25	1745788	0.00	1745693	0.00	0.00
2000-1-1 2:54:25	1745873	0.00	1745777	0.00	0.00
2000-1-1 2:54:25	1745960	0.00	1745863	0.00	0.00
2000-1-1 2:54:25	1746045	0.00	1745950	0.00	0.00
2000-1-1 2:54:26	1746446	0.00	1746035	0.00	0.00
2000-1-1 2:54:26	1746530	0.00	1746436	0.00	0.00
2000-1-1 2:54:26	1746615	0.00	1746520	0.00	0.00
2000-1-1 2:54:26	1746699	0.00	1746604	0.00	0.00
2000-1-1 2:54:26	1746785	0.00	1746688	0.00	0.00
2000-1-1 2:54:26	1746872	0.00	1746775	0.00	0.00
2000-1-1 2:54:26	1746956	0.00	1746861	0.00	0.00
2000-1-1 2:54:26	1747040	0.00	1746946	0.00	0.00
2000-1-1 2:54:26	1747127	0.00	1747030	0.00	0.00
2000-1-1 2:54:26	1747214	0.00	1747117	0.00	0.00
2000-1-1 2:54:26	1747302	0.00	1747204	0.00	0.00
2000-1-1 2:54:26	1747387	0.00	1747288	0.00	0.00
2000-1-1 2:54:27	1747474	0.00	1747377	0.00	0.00
2000-1-1 2:54:27	1747560	0.00	1747464	0.00	0.00
2000-1-1 2:54:27	1747644	0.00	1747549	0.00	0.00
2000-1-1 2:54:27	1747730	0.00	1747634	0.00	0.00
2000-1-1 2:54:27	1747816	0.00	1747719	0.00	0.00
2000-1-1 2:54:27	1747902	0.00	1747806	0.00	0.00
2000-1-1 2:54:27	1747986	0.00	1747891	0.00	0.00
2000-1-1 2:54:27	1748072	0.00	1747976	0.00	0.00
2000-1-1 2:54:27	1748159	0.00	1748061	0.00	0.00
2000-1-1 2:54:27	1748247	0.00	1748148	0.00	0.00
2000-1-1 2:54:27	1748333	0.00	1748237	0.00	0.00
2000-1-1 2:54:27	1748419	0.00	1748323	0.00	0.00
2000-1-1 2:54:28	1748504	0.00	1748408	0.00	0.00
2000-1-1 2:54:28	1748589	0.00	1748494	0.00	0.00
2000-1-1 2:54:28	1748675	0.00	1748579	0.00	0.00
2000-1-1 2:54:28	1748760	0.00	1748664	0.00	0.00
2000-1-1 2:54:28	1748846	0.00	1748750	0.00	0.00
2000-1-1 2:54:28	1748931	0.00	1748836	0.00	0.00
2000-1-1 2:54:28	1749017	0.00	1748921	0.00	0.00
2000-1-1 2:54:28	1749106	0.00	1749007	0.00	0.00
2000-1-1 2:54:28	1749192	0.00	1749092	0.00	0.00
2000-1-1 2:54:28	1749279	0.00	1749181	0.00	0.00
2000-1-1 2:54:28	1749365	0.00	1749268	0.00	0.00
2000-1-1 2:54:29	1749449	0.00	1749354	0.00	0.00
2000-1-1 2:54:29	1749535	0.00	1749439	0.00	0.00
2000-1-1 2:54:29	1749621	0.00	1749524	0.00	0.00
2000-1-1 2:54:29	1749706	0.00	1749611	0.00	0.00
2000-1-1 2:54:29	1749790	0.00	1749696	0.00	0.00
2000-1-1 2:54:29	1749876	0.00	1749780	0.00	0.00
2000-1-1 2:54:29	1749963	0.00	1749866	0.00	0.00
2000-1-1 2:54:29	1750052	0.00	1749952	0.00	0.00
2000-1-1 2:54:29	1750136	0.00	1750041	0.00	0.00
2000-1-1 2:54:29	1750223	0.00	1750126	0.00	0.00
2000-1-1 2:54:29	1750310	0.00	1750213	0.00	0.00
2000-1-1 2:54:29	1750394	0.00	1750299	0.00	0.00
2000-1-1 2:54:30	1750478	0.00	1750384	0.00	0.00
2000-1-1 2:54:30	1750565	0.00	1750468	0.00	0.00
2000-1-1 2:54:30	1750652	0.00	1750555	0.00	0.00
2000-1-1 2:54:30	1750736	0.00	1750642	0.00	0.00
2000-1-1 2:54:30	1750821	0.00	1750726	0.00	0.00
2000-1-1 2:54:30	1750913	0.00	1750810	0.00	0.00
2000-1-1 2:54:30	1750999	0.00	1750902	0.00	0.00
2000-1-1 2:54:30	1751083	0.00	1750987	0.00	0.00
2000-1-1 2:54:30	1751169	0.00	1751072	0.00	0.00
2000-1-1 2:54:30	1751256	0.00	1751158	0.00	0.00
2000-1-1 2:54:30	1751341	0.00	1751244	0.00	0.00
2000-1-1 2:54:30	1751426	0.00	1751330	0.00	0.00
2000-1-1 2:54:31	1751511	0.00	1751414	0.00	0.00
2000-1-1 2:54:31	1751598	0.00	1751500	0.00	0.00
2000-1-1 2:54:31	1751684	0.00	1751587	0.00	0.00
2000-1-1 2:54:31	1751768	0.00	1751672	0.00	0.00
2000-1-1 2:54:31	1751858	0.00	1751757	0.00	0.00
2000-1-1 2:54:31	1751944	0.00	1751847	0.00	0.00
2000-1-1 2:54:31	1752030	0.00	1751933	0.00	0.00
2000-1-1 2:54:31	1752115	0.00	1752018	0.00	0.00
2000-1-1 2:54:31	1752201	0.00	1752104	0.00	0.00
2000-1-1 2:54:31	1752286	0.00	1752189	0.00	0.00
2000-1-1 2:54:31	1752372	0.00	1752275	0.00	0.00
2000-1-1 2:54:32	1752458	0.00	1752360	0.00	0.00
2000-1-1 2:54:32	1752543	0.00	1752446	0.00	0.00
2000-1-1 2:54:32	1752629	0.00	1752532	0.00	0.00
2000-1-1 2:54:32	1752720	0.00	1752617	0.00	0.00
2000-1-1 2:54:32	1752806	0.00	1752709	0.00	0.00
2000-1-1 2:54:32	1752890	0.00	1752795	0.00	0.00
2000-1-1 2:54:32	1752976	0.00	1752880	0.00	0.00
2000-1-1 2:54:32	1753063	0.00	1752965	0.00	0.00
2000-1-1 2:54:32	1753149	0.00	1753053	0.00	0.00
2000-1-1 2:54:32	1753234	0.00	1753139	0.00	0.00
2000-1-1 2:54:32	1753319	0.00	1753223	0.00	0.00
2000-1-1 2:54:32	1753406	0.00	1753309	0.00	0.00
2000-1-1 2:54:33	1753492	0.00	1753396	0.00	0.00
2000-1-1 2:54:33	1753822	0.00	1753481	0.00	0.00
2000-1-1 2:54:33	1753981	0.00	1753566	0.00	0.00
2000-1-1 2:54:33	1754065	0.00	1753971	0.00	0.00
2000-1-1 2:54:33	1754150	0.00	1754055	0.00	0.00
2000-1-1 2:54:33	1754234	0.00	1754139	0.00	0.00
2000-1-1 2:54:33	1754321	0.00	1754224	0.00	0.00
2000-1-1 2:54:33	1754408	0.00	1754311	0.00	0.00
2000-1-1 2:54:34	1754492	0.00	1754397	0.00	0.00
2000-1-1 2:54:34	1754577	0.00	1754482	0.00	0.00
2000-1-1 2:54:34	1754664	0.00	1754566	0.00	0.00
2000-1-1 2:54:34	1754752	0.00	1754654	0.00	0.00
2000-1-1 2:54:34	1754840	0.00	1754740	0.00	0.00
2000-1-1 2:54:34	1754925	0.00	1754828	0.00	0.00
2000-1-1 2:54:34	1755012	0.00	1754914	0.00	0.00
2000-1-1 2:54:34	1755098	0.00	1755001	0.00	0.00
2000-1-1 2:54:34	1755182	0.00	1755087	0.00	0.00
2000-1-1 2:54:34	1755268	0.00	1755171	0.00	0.00
2000-1-1 2:54:34	1755355	0.00	1755257	0.00	0.00
2000-1-1 2:54:35	1755441	0.00	1755344	0.00	0.00
2000-1-1 2:54:35	1755525	0.00	1755429	0.00	0.00
2000-1-1 2:54:35	1755611	0.00	1755514	0.00	0.00
2000-1-1 2:54:35	1755701	0.00	1755599	0.00	0.00
2000-1-1 2:54:35	1755787	0.00	1755686	0.00	0.00
2000-1-1 2:54:35	1755873	0.00	1755776	0.00	0.00
2000-1-1 2:54:35	1755958	0.00	1755862	0.00	0.00
2000-1-1 2:54:35	1756044	0.00	1755948	0.00	0.00
2000-1-1 2:54:35	1756130	0.00	1756034	0.00	0.00
2000-1-1 2:54:35	1756215	0.00	1756119	0.00	0.00
2000-1-1 2:54:35	1756300	0.00	1756204	0.00	0.00
2000-1-1 2:54:35	1756386	0.00	1756290	0.00	0.00
2000-1-1 2:54:36	1756472	0.00	1756376	0.00	0.00
2000-1-1 2:54:36	1756558	0.00	1756461	0.00	0.00
2000-1-1 2:54:36	1756647	0.00	1756547	0.00	0.00
2000-1-1 2:54:36	1756732	0.00	1756636	0.00	0.00
2000-1-1 2:54:36	1756820	0.00	1756722	0.00	0.00
2000-1-1 2:54:36	1756906	0.00	1756810	0.00	0.00
2000-1-1 2:54:36	1756990	0.00	1756895	0.00	0.00
2000-1-1 2:54:36	1757076	0.00	1756980	0.00	0.00
2000-1-1 2:54:36	1757163	0.00	1757066	0.00	0.00
2000-1-1 2:54:36	1757249	0.00	1757153	0.00	0.00
2000-1-1 2:54:36	1757333	0.00	1757238	0.00	0.00
2000-1-1 2:54:36	1757419	0.00	1757323	0.00	0.00
2000-1-1 2:54:37	1757511	0.00	1757409	0.00	0.00
2000-1-1 2:54:37	1757595	0.00	1757496	0.00	0.00
2000-1-1 2:54:37	1757680	0.00	1757585	0.00	0.00
2000-1-1 2:54:37	1757767	0.00	1757669	0.00	0.00
2000-1-1 2:54:37	1757854	0.00	1757756	0.00	0.00
2000-1-1 2:54:37	1757938	0.00	1757843	0.00	0.00
2000-1-1 2:54:37	1758023	0.00	1757928	0.00	0.00
2000-1-1 2:54:37	1758110	0.00	1758012	0.00	0.00
2000-1-1 2:54:37	1758197	0.00	1758099	0.00	0.00
2000-1-1 2:54:37	1758281	0.00	1758186	0.00	0.00
2000-1-1 2:54:37	1758366	0.00	1758271	0.00	0.00
2000-1-1 2:54:38	1758457	0.00	1758355	0.00	0.00
2000-1-1 2:54:38	1758543	0.00	1758447	0.00	0.00
2000-1-1 2:54:38	1758627	0.00	1758533	0.00	0.00
2000-1-1 2:54:38	1758713	0.00	1758617	0.00	0.00
2000-1-1 2:54:38	1758800	0.00	1758703	0.00	0.00
2000-1-1 2:54:38	1758886	0.00	1758790	0.00	0.00
2000-1-1 2:54:38	1758971	0.00	1758876	0.00	0.00
2000-1-1 2:54:38	1759056	0.00	1758960	0.00	0.00
2000-1-1 2:54:38	1759144	0.00	1759046	0.00	0.00
2000-1-1 2:54:38	1759229	0.00	1759133	0.00	0.00
2000-1-1 2:54:38	1759320	0.00	1759219	0.00	0.00
2000-1-1 2:54:38	1759405	0.00	1759308	0.00	0.00
2000-1-1 2:54:39	1759491	0.00	1759394	0.00	0.00
2000-1-1 2:54:39	1759577	0.00	1759480	0.00	0.00
2000-1-1 2:54:39	1759663	0.00	1759565	0.00	0.00
2000-1-1 2:54:39	1759748	0.00	1759651	0.00	0.00
2000-1-1 2:54:39	1759834	0.00	1759737	0.00	0.00
2000-1-1 2:54:39	1759920	0.00	1759823	0.00	0.00
2000-1-1 2:54:39	1760006	0.00	1759908	0.00	0.00
2000-1-1 2:54:39	1760091	0.00	1759994	0.00	0.00
2000-1-1 2:54:39	1760177	0.00	1760080	0.00	0.00
2000-1-1 2:54:39	1760268	0.00	1760166	0.00	0.00
2000-1-1 2:54:39	1760355	0.00	1760258	0.00	0.00
2000-1-1 2:54:40	1760439	0.00	1760344	0.00	0.00
2000-1-1 2:54:40	1760525	0.00	1760429	0.00	0.00
2000-1-1 2:54:40	1760613	0.00	1760514	0.00	0.00
2000-1-1 2:54:40	1760699	0.00	1760602	0.00	0.00
2000-1-1 2:54:40	1760783	0.00	1760689	0.00	0.00
2000-1-1 2:54:40	1760869	0.00	1760773	0.00	0.00
2000-1-1 2:54:40	1760956	0.00	1760859	0.00	0.00
2000-1-1 2:54:40	1761042	0.00	1760946	0.00	0.00
2000-1-1 2:54:41	1761452	0.00	1761031	0.00	0.00
2000-1-1 2:54:41	1761536	0.00	1761440	0.00	0.00
2000-1-1 2:54:41	1761619	0.00	1761525	0.00	0.00
2000-1-1 2:54:41	1761704	0.00	1761609	0.00	0.00
2000-1-1 2:54:41	1761792	0.00	1761693	0.00	0.00
2000-1-1 2:54:41	1761878	0.00	1761780	0.00	0.00
2000-1-1 2:54:41	1761963	0.00	1761867	0.00	0.00
2000-1-1 2:54:41	1762046	0.00	1761951	0.00	0.00
2000-1-1 2:54:41	1762134	0.00	1762035	0.00	0.00
2000-1-1 2:54:41	1762221	0.00	1762122	0.00	0.00
2000-1-1 2:54:41	1762308	0.00	1762209	0.00	0.00
2000-1-1 2:54:41	1762394	0.00	1762294	0.00	0.00
2000-1-1 2:54:42	1762481	0.00	1762383	0.00	0.00
2000-1-1 2:54:42	1762566	0.00	1762469	0.00	0.00
2000-1-1 2:54:42	1762651	0.00	1762555	0.00	0.00
2000-1-1 2:54:42	1762736	0.00	1762639	0.00	0.00
2000-1-1 2:54:42	1762823	0.00	1762725	0.00	0.00
2000-1-1 2:54:42	1762908	0.00	1762811	0.00	0.00
2000-1-1 2:54:42	1762993	0.00	1762897	0.00	0.00
2000-1-1 2:54:42	1763079	0.00	1762981	0.00	0.00
2000-1-1 2:54:42	1763165	0.00	1763067	0.00	0.00
2000-1-1 2:54:42	1763254	0.00	1763154	0.00	0.00
2000-1-1 2:54:42	1763340	0.00	1763244	0.00	0.00
2000-1-1 2:54:43	1763425	0.00	1763329	0.00	0.00
2000-1-1 2:54:43	1763511	0.00	1763415	0.00	0.00
2000-1-1 2:54:43	1763596	0.00	1763501	0.00	0.00
2000-1-1 2:54:43	1763682	0.00	1763586	0.00	0.00
2000-1-1 2:54:43	1763767	0.00	1763671	0.00	0.00
2000-1-1 2:54:43	1763853	0.00	1763757	0.00	0.00
2000-1-1 2:54:43	1763939	0.00	1763843	0.00	0.00
2000-1-1 2:54:43	1764024	0.00	1763928	0.00	0.00
2000-1-1 2:54:43	1764113	0.00	1764014	0.00	0.00
2000-1-1 2:54:43	1764199	0.00	1764099	0.00	0.00
2000-1-1 2:54:43	1764286	0.00	1764188	0.00	0.00
2000-1-1 2:54:43	1764372	0.00	1764276	0.00	0.00
2000-1-1 2:54:44	1764457	0.00	1764362	0.00	0.00
2000-1-1 2:54:44	1764542	0.00	1764446	0.00	0.00
2000-1-1 2:54:44	1764629	0.00	1764532	0.00	0.00
2000-1-1 2:54:44	1764714	0.00	1764618	0.00	0.00
2000-1-1 2:54:44	1764799	0.00	1764704	0.00	0.00
2000-1-1 2:54:44	1764884	0.00	1764788	0.00	0.00
2000-1-1 2:54:44	1764971	0.00	1764874	0.00	0.00
2000-1-1 2:54:44	1765060	0.00	1764961	0.00	0.00
2000-1-1 2:54:44	1765145	0.00	1765050	0.00	0.00
2000-1-1 2:54:44	1765231	0.00	1765134	0.00	0.00
2000-1-1 2:54:44	1765318	0.00	1765221	0.00	0.00
2000-1-1 2:54:44	1765402	0.00	1765308	0.00	0.00
2000-1-1 2:54:45	1765487	0.00	1765392	0.00	0.00
2000-1-1 2:54:45	1765574	0.00	1765476	0.00	0.00
2000-1-1 2:54:45	1765661	0.00	1765564	0.00	0.00
2000-1-1 2:54:45	1765745	0.00	1765650	0.00	0.00
2000-1-1 2:54:45	1765830	0.00	1765735	0.00	0.00
2000-1-1 2:54:45	1765921	0.00	1765819	0.00	0.00
2000-1-1 2:54:45	1766007	0.00	1765906	0.00	0.00
2000-1-1 2:54:45	1766091	0.00	1765996	0.00	0.00
2000-1-1 2:54:45	1766177	0.00	1766081	0.00	0.00
2000-1-1 2:54:45	1766264	0.00	1766167	0.00	0.00
2000-1-1 2:54:45	1766349	0.00	1766253	0.00	0.00
2000-1-1 2:54:46	1766434	0.00	1766339	0.00	0.00
2000-1-1 2:54:46	1766520	0.00	1766423	0.00	0.00
2000-1-1 2:54:46	1766607	0.00	1766509	0.00	0.00
2000-1-1 2:54:46	1766692	0.00	1766596	0.00	0.00
2000-1-1 2:54:46	1766777	0.00	1766682	0.00	0.00
2000-1-1 2:54:46	1766867	0.00	1766766	0.00	0.00
2000-1-1 2:54:46	1766953	0.00	1766856	0.00	0.00
2000-1-1 2:54:46	1767038	0.00	1766942	0.00	0.00
2000-1-1 2:54:46	1767124	0.00	1767028	0.00	0.00
2000-1-1 2:54:46	1767209	0.00	1767113	0.00	0.00
2000-1-1 2:54:46	1767296	0.00	1767199	0.00	0.00
2000-1-1 2:54:46	1767382	0.00	1767285	0.00	0.00
2000-1-1 2:54:47	1767468	0.00	1767370	0.00	0.00
2000-1-1 2:54:47	1767553	0.00	1767456	0.00	0.00
2000-1-1 2:54:47	1767639	0.00	1767542	0.00	0.00
2000-1-1 2:54:47	1767721	0.00	1767627	0.00	0.00
2000-1-1 2:54:47	1767809	0.00	1767713	0.00	0.00
2000-1-1 2:54:47	1767895	0.00	1767797	0.00	0.00
2000-1-1 2:54:47	1767980	0.00	1767883	0.00	0.00
2000-1-1 2:54:47	1768066	0.00	1767969	0.00	0.00
2000-1-1 2:54:47	1768153	0.00	1768055	0.00	0.00
2000-1-1 2:54:47	1768238	0.00	1768141	0.00	0.00
2000-1-1 2:54:47	1768324	0.00	1768227	0.00	0.00
2000-1-1 2:54:47	1768409	0.00	1768312	0.00	0.00
2000-1-1 2:54:48	1768495	0.00	1768398	0.00	0.00
2000-1-1 2:54:48	1768581	0.00	1768484	0.00	0.00
2000-1-1 2:54:48	1768987	0.00	1768569	0.00	0.00
2000-1-1 2:54:48	1769071	0.00	1768977	0.00	0.00
2000-1-1 2:54:48	1769156	0.00	1769061	0.00	0.00
2000-1-1 2:54:48	1769239	0.00	1769145	0.00	0.00
2000-1-1 2:54:48	1769326	0.00	1769229	0.00	0.00
2000-1-1 2:54:48	1769413	0.00	1769316	0.00	0.00
2000-1-1 2:54:49	1769497	0.00	1769402	0.00	0.00
2000-1-1 2:54:49	1769582	0.00	1769487	0.00	0.00
2000-1-1 2:54:49	1769669	0.00	1769571	0.00	0.00
2000-1-1 2:54:49	1769755	0.00	1769658	0.00	0.00
2000-1-1 2:54:49	1769843	0.00	1769745	0.00	0.00
2000-1-1 2:54:49	1769929	0.00	1769833	0.00	0.00
2000-1-1 2:54:49	1770016	0.00	1769918	0.00	0.00
2000-1-1 2:54:49	1770101	0.00	1770005	0.00	0.00
2000-1-1 2:54:49	1770186	0.00	1770091	0.00	0.00
2000-1-1 2:54:49	1770271	0.00	1770175	0.00	0.00
2000-1-1 2:54:49	1770358	0.00	1770261	0.00	0.00
2000-1-1 2:54:50	1770443	0.00	1770347	0.00	0.00
2000-1-1 2:54:50	1770528	0.00	1770433	0.00	0.00
2000-1-1 2:54:50	1770613	0.00	1770517	0.00	0.00
2000-1-1 2:54:50	1770700	0.00	1770603	0.00	0.00
2000-1-1 2:54:50	1770789	0.00	1770690	0.00	0.00
2000-1-1 2:54:50	1770875	0.00	1770779	0.00	0.00
2000-1-1 2:54:50	1770960	0.00	1770864	0.00	0.00
2000-1-1 2:54:50	1771046	0.00	1770950	0.00	0.00
2000-1-1 2:54:50	1771131	0.00	1771035	0.00	0.00
2000-1-1 2:54:50	1771217	0.00	1771121	0.00	0.00
2000-1-1 2:54:50	1771302	0.00	1771206	0.00	0.00
2000-1-1 2:54:50	1771388	0.00	1771292	0.00	0.00
2000-1-1 2:54:51	1771474	0.00	1771378	0.00	0.00
2000-1-1 2:54:51	1771559	0.00	1771463	0.00	0.00
2000-1-1 2:54:51	1771649	0.00	1771549	0.00	0.00
2000-1-1 2:54:51	1771735	0.00	1771638	0.00	0.00
2000-1-1 2:54:51	1771822	0.00	1771723	0.00	0.00
2000-1-1 2:54:51	1771908	0.00	1771811	0.00	0.00
2000-1-1 2:54:51	1771993	0.00	1771897	0.00	0.00
2000-1-1 2:54:51	1772078	0.00	1771981	0.00	0.00
2000-1-1 2:54:51	1772165	0.00	1772067	0.00	0.00
2000-1-1 2:54:51	1772250	0.00	1772153	0.00	0.00
2000-1-1 2:54:51	1772335	0.00	1772239	0.00	0.00
2000-1-1 2:54:52	1772420	0.00	1772323	0.00	0.00
2000-1-1 2:54:52	1772512	0.00	1772409	0.00	0.00
2000-1-1 2:54:52	1772596	0.00	1772496	0.00	0.00
2000-1-1 2:54:52	1772681	0.00	1772585	0.00	0.00
2000-1-1 2:54:52	1772768	0.00	1772669	0.00	0.00
2000-1-1 2:54:52	1772854	0.00	1772756	0.00	0.00
2000-1-1 2:54:52	1772939	0.00	1772844	0.00	0.00
2000-1-1 2:54:52	1773023	0.00	1772929	0.00	0.00
2000-1-1 2:54:52	1773110	0.00	1773012	0.00	0.00
2000-1-1 2:54:52	1773197	0.00	1773100	0.00	0.00
2000-1-1 2:54:52	1773282	0.00	1773187	0.00	0.00
2000-1-1 2:54:52	1773366	0.00	1773271	0.00	0.00
2000-1-1 2:54:53	1773458	0.00	1773356	0.00	0.00
2000-1-1 2:54:53	1773543	0.00	1773447	0.00	0.00
2000-1-1 2:54:53	1773628	0.00	1773533	0.00	0.00
2000-1-1 2:54:53	1773714	0.00	1773617	0.00	0.00
2000-1-1 2:54:53	1773800	0.00	1773703	0.00	0.00
2000-1-1 2:54:53	1773886	0.00	1773790	0.00	0.00
2000-1-1 2:54:53	1773970	0.00	1773876	0.00	0.00
2000-1-1 2:54:53	1774056	0.00	1773960	0.00	0.00
2000-1-1 2:54:53	1774143	0.00	1774046	0.00	0.00
2000-1-1 2:54:53	1774229	0.00	1774133	0.00	0.00
2000-1-1 2:54:53	1774318	0.00	1774218	0.00	0.00
2000-1-1 2:54:53	1774404	0.00	1774303	0.00	0.00
2000-1-1 2:54:54	1774489	0.00	1774393	0.00	0.00
2000-1-1 2:54:54	1774575	0.00	1774479	0.00	0.00
2000-1-1 2:54:54	1774661	0.00	1774564	0.00	0.00
2000-1-1 2:54:54	1774746	0.00	1774650	0.00	0.00
2000-1-1 2:54:54	1774831	0.00	1774735	0.00	0.00
2000-1-1 2:54:54	1774917	0.00	1774821	0.00	0.00
2000-1-1 2:54:54	1775003	0.00	1774906	0.00	0.00
2000-1-1 2:54:54	1775088	0.00	1774992	0.00	0.00
2000-1-1 2:54:54	1775174	0.00	1775078	0.00	0.00
2000-1-1 2:54:54	1775265	0.00	1775164	0.00	0.00
2000-1-1 2:54:54	1775351	0.00	1775255	0.00	0.00
2000-1-1 2:54:55	1775436	0.00	1775341	0.00	0.00
2000-1-1 2:54:55	1775521	0.00	1775425	0.00	0.00
2000-1-1 2:54:55	1775609	0.00	1775511	0.00	0.00
2000-1-1 2:54:55	1775695	0.00	1775599	0.00	0.00
2000-1-1 2:54:55	1775779	0.00	1775685	0.00	0.00
2000-1-1 2:54:55	1775865	0.00	1775769	0.00	0.00
2000-1-1 2:54:55	1775952	0.00	1775855	0.00	0.00
2000-1-1 2:54:55	1776038	0.00	1775942	0.00	0.00
2000-1-1 2:54:55	1776369	0.00	1776027	0.00	0.00
2000-1-1 2:54:56	1776529	0.00	1776112	0.00	0.00
2000-1-1 2:54:56	1776613	0.00	1776518	0.00	0.00
2000-1-1 2:54:56	1776697	0.00	1776603	0.00	0.00
2000-1-1 2:54:56	1776782	0.00	1776687	0.00	0.00
2000-1-1 2:54:56	1776869	0.00	1776771	0.00	0.00
2000-1-1 2:54:56	1776955	0.00	1776858	0.00	0.00
2000-1-1 2:54:56	1777040	0.00	1776945	0.00	0.00
2000-1-1 2:54:56	1777124	0.00	1777029	0.00	0.00
2000-1-1 2:54:56	1777211	0.00	1777114	0.00	0.00
2000-1-1 2:54:56	1777298	0.00	1777201	0.00	0.00
2000-1-1 2:54:56	1777386	0.00	1777288	0.00	0.00
2000-1-1 2:54:57	1777471	0.00	1777375	0.00	0.00
2000-1-1 2:54:57	1777558	0.00	1777461	0.00	0.00
2000-1-1 2:54:57	1777644	0.00	1777548	0.00	0.00
2000-1-1 2:54:57	1777728	0.00	1777633	0.00	0.00
2000-1-1 2:54:57	1777814	0.00	1777718	0.00	0.00
2000-1-1 2:54:57	1777900	0.00	1777803	0.00	0.00
2000-1-1 2:54:57	1777986	0.00	1777890	0.00	0.00
2000-1-1 2:54:57	1778070	0.00	1777975	0.00	0.00
2000-1-1 2:54:57	1778156	0.00	1778060	0.00	0.00
2000-1-1 2:54:57	1778246	0.00	1778146	0.00	0.00
2000-1-1 2:54:57	1778332	0.00	1778236	0.00	0.00
2000-1-1 2:54:58	1778417	0.00	1778321	0.00	0.00
2000-1-1 2:54:58	1778503	0.00	1778407	0.00	0.00
2000-1-1 2:54:58	1778589	0.00	1778493	0.00	0.00
2000-1-1 2:54:58	1778674	0.00	1778578	0.00	0.00
2000-1-1 2:54:58	1778760	0.00	1778664	0.00	0.00
2000-1-1 2:54:58	1778846	0.00	1778750	0.00	0.00
2000-1-1 2:54:58	1778931	0.00	1778835	0.00	0.00
2000-1-1 2:54:58	1779017	0.00	1778921	0.00	0.00
2000-1-1 2:54:58	1779103	0.00	1779006	0.00	0.00
2000-1-1 2:54:58	1779191	0.00	1779092	0.00	0.00
2000-1-1 2:54:58	1779277	0.00	1779181	0.00	0.00
2000-1-1 2:54:58	1779364	0.00	1779267	0.00	0.00
2000-1-1 2:54:59	1779450	0.00	1779354	0.00	0.00
2000-1-1 2:54:59	1779535	0.00	1779440	0.00	0.00
2000-1-1 2:54:59	1779620	0.00	1779524	0.00	0.00
2000-1-1 2:54:59	1779707	0.00	1779610	0.00	0.00
2000-1-1 2:54:59	1779793	0.00	1779697	0.00	0.00
2000-1-1 2:54:59	1779877	0.00	1779782	0.00	0.00
2000-1-1 2:54:59	1779963	0.00	1779867	0.00	0.00
2000-1-1 2:54:59	1780055	0.00	1779952	0.00	0.00
2000-1-1 2:54:59	1780140	0.00	1780044	0.00	0.00
2000-1-1 2:54:59	1780224	0.00	1780128	0.00	0.00
2000-1-1 2:54:59	1780311	0.00	1780213	0.00	0.00
2000-1-1 2:54:59	1780398	0.00	1780300	0.00	0.00
2000-1-1 2:55:0	1780483	0.00	1780387	0.00	0.00
2000-1-1 2:55:0	1780567	0.00	1780471	0.00	0.00
2000-1-1 2:55:0	1780654	0.00	1780556	0.00	0.00
2000-1-1 2:55:0	1780741	0.00	1780643	0.00	0.00
2000-1-1 2:55:0	1780825	0.00	1780729	0.00	0.00
2000-1-1 2:55:0	1780910	0.00	1780814	0.00	0.00
2000-1-1 2:55:0	1781001	0.00	1780898	0.00	0.00
2000-1-1 2:55:0	1781087	0.00	1780990	0.00	0.00
2000-1-1 2:55:0	1781171	0.00	1781075	0.00	0.00
2000-1-1 2:55:0	1781256	0.00	1781160	0.00	0.00
2000-1-1 2:55:0	1781343	0.00	1781245	0.00	0.00
2000-1-1 2:55:1	1781429	0.00	1781332	0.00	0.00
2000-1-1 2:55:1	1781513	0.00	1781417	0.00	0.00
2000-1-1 2:55:1	1781599	0.00	1781502	0.00	0.00
2000-1-1 2:55:1	1781686	0.00	1781587	0.00	0.00
2000-1-1 2:55:1	1781771	0.00	1781675	0.00	0.00
2000-1-1 2:55:1	1781860	0.00	1781761	0.00	0.00
2000-1-1 2:55:1	1781946	0.00	1781844	0.00	0.00
2000-1-1 2:55:1	1782032	0.00	1781935	0.00	0.00
2000-1-1 2:55:1	1782117	0.00	1782021	0.00	0.00
2000-1-1 2:55:1	1782203	0.00	1782107	0.00	0.00
2000-1-1 2:55:1	1782288	0.00	1782192	0.00	0.00
2000-1-1 2:55:1	1782374	0.00	1782278	0.00	0.00
2000-1-1 2:55:2	1782460	0.00	1782364	0.00	0.00
2000-1-1 2:55:2	1782545	0.00	1782449	0.00	0.00
2000-1-1 2:55:2	1782631	0.00	1782535	0.00	0.00
2000-1-1 2:55:2	1782716	0.00	1782620	0.00	0.00
2000-1-1 2:55:2	1782807	0.00	1782706	0.00	0.00
2000-1-1 2:55:2	1782894	0.00	1782797	0.00	0.00
2000-1-1 2:55:2	1782978	0.00	1782883	0.00	0.00
2000-1-1 2:55:2	1783064	0.00	1782968	0.00	0.00
2000-1-1 2:55:2	1783151	0.00	1783053	0.00	0.00
2000-1-1 2:55:2	1783237	0.00	1783141	0.00	0.00
2000-1-1 2:55:2	1783322	0.00	1783227	0.00	0.00
2000-1-1 2:55:2	1783407	0.00	1783311	0.00	0.00
2000-1-1 2:55:3	1783494	0.00	1783397	0.00	0.00
2000-1-1 2:55:3	1783580	0.00	1783484	0.00	0.00
2000-1-1 2:55:3	1783664	0.00	1783569	0.00	0.00
2000-1-1 2:55:3	1784069	0.00	1783654	0.00	0.00
2000-1-1 2:55:3	1784153	0.00	1784058	0.00	0.00
2000-1-1 2:55:3	1784238	0.00	1784142	0.00	0.00
2000-1-1 2:55:3	1784322	0.00	1784226	0.00	0.00
2000-1-1 2:55:3	1784409	0.00	1784311	0.00	0.00
2000-1-1 2:55:4	1784495	0.00	1784398	0.00	0.00
2000-1-1 2:55:4	1784580	0.00	1784484	0.00	0.00
2000-1-1 2:55:4	1784664	0.00	1784569	0.00	0.00
2000-1-1 2:55:4	1784751	0.00	1784653	0.00	0.00
2000-1-1 2:55:4	1784838	0.00	1784740	0.00	0.00
2000-1-1 2:55:4	1784926	0.00	1784827	0.00	0.00
2000-1-1 2:55:4	1785012	0.00	1784911	0.00	0.00
2000-1-1 2:55:4	1785099	0.00	1785000	0.00	0.00
2000-1-1 2:55:4	1785184	0.00	1785088	0.00	0.00
2000-1-1 2:55:4	1785268	0.00	1785174	0.00	0.00
2000-1-1 2:55:4	1785354	0.00	1785257	0.00	0.00
2000-1-1 2:55:5	1785440	0.00	1785342	0.00	0.00
2000-1-1 2:55:5	1785526	0.00	1785430	0.00	0.00
2000-1-1 2:55:5	1785610	0.00	1785515	0.00	0.00
2000-1-1 2:55:5	1785696	0.00	1785600	0.00	0.00
2000-1-1 2:55:5	1785783	0.00	1785686	0.00	0.00
2000-1-1 2:55:5	1785872	0.00	1785772	0.00	0.00
2000-1-1 2:55:5	1785957	0.00	1785861	0.00	0.00
2000-1-1 2:55:5	1786043	0.00	1785947	0.00	0.00
2000-1-1 2:55:5	1786129	0.00	1786032	0.00	0.00
2000-1-1 2:55:5	1786214	0.00	1786118	0.00	0.00
2000-1-1 2:55:5	1786299	0.00	1786204	0.00	0.00
2000-1-1 2:55:5	1786385	0.00	1786289	0.00	0.00
2000-1-1 2:55:6	1786471	0.00	1786375	0.00	0.00
2000-1-1 2:55:6	1786556	0.00	1786460	0.00	0.00
2000-1-1 2:55:6	1786642	0.00	1786546	0.00	0.00
2000-1-1 2:55:6	1786728	0.00	1786632	0.00	0.00
2000-1-1 2:55:6	1786817	0.00	1786717	0.00	0.00
2000-1-1 2:55:6	1786904	0.00	1786806	0.00	0.00
2000-1-1 2:55:6	1786990	0.00	1786893	0.00	0.00
2000-1-1 2:55:6	1787074	0.00	1786979	0.00	0.00
2000-1-1 2:55:6	1787160	0.00	1787064	0.00	0.00
2000-1-1 2:55:6	1787246	0.00	1787149	0.00	0.00
2000-1-1 2:55:6	1787332	0.00	1787236	0.00	0.00
2000-1-1 2:55:7	1787416	0.00	1787321	0.00	0.00
2000-1-1 2:55:7	1787502	0.00	1787406	0.00	0.00
2000-1-1 2:55:7	1787589	0.00	1787491	0.00	0.00
2000-1-1 2:55:7	1787678	0.00	1787578	0.00	0.00
2000-1-1 2:55:7	1787762	0.00	1787664	0.00	0.00
2000-1-1 2:55:7	1787849	0.00	1787752	0.00	0.00
2000-1-1 2:55:7	1787936	0.00	1787839	0.00	0.00
2000-1-1 2:55:7	1788020	0.00	1787925	0.00	0.00
2000-1-1 2:55:7	1788105	0.00	1788010	0.00	0.00
2000-1-1 2:55:7	1788191	0.00	1788094	0.00	0.00
2000-1-1 2:55:7	1788278	0.00	1788181	0.00	0.00
2000-1-1 2:55:7	1788363	0.00	1788268	0.00	0.00
2000-1-1 2:55:8	1788447	0.00	1788352	0.00	0.00
2000-1-1 2:55:8	1788534	0.00	1788437	0.00	0.00
2000-1-1 2:55:8	1788624	0.00	1788524	0.00	0.00
2000-1-1 2:55:8	1788709	0.00	1788614	0.00	0.00
2000-1-1 2:55:8	1788794	0.00	1788698	0.00	0.00
2000-1-1 2:55:8	1788881	0.00	1788784	0.00	0.00
2000-1-1 2:55:8	1788967	0.00	1788871	0.00	0.00
2000-1-1 2:55:8	1789051	0.00	1788956	0.00	0.00
2000-1-1 2:55:8	1789137	0.00	1789041	0.00	0.00
2000-1-1 2:55:8	1789224	0.00	1789126	0.00	0.00
2000-1-1 2:55:8	1789309	0.00	1789213	0.00	0.00
2000-1-1 2:55:8	1789394	0.00	1789299	0.00	0.00
2000-1-1 2:55:9	1789480	0.00	1789383	0.00	0.00
2000-1-1 2:55:9	1789571	0.00	1789469	0.00	0.00
2000-1-1 2:55:9	1789656	0.00	1789560	0.00	0.00
2000-1-1 2:55:9	1789742	0.00	1789645	0.00	0.00
2000-1-1 2:55:9	1789828	0.00	1789731	0.00	0.00
2000-1-1 2:55:9	1789914	0.00	1789816	0.00	0.00
2000-1-1 2:55:9	1789999	0.00	1789902	0.00	0.00
2000-1-1 2:55:9	1790085	0.00	1789988	0.00	0.00
2000-1-1 2:55:9	1790170	0.00	1790073	0.00	0.00
2000-1-1 2:55:9	1790256	0.00	1790159	0.00	0.00
2000-1-1 2:55:9	1790342	0.00	1790245	0.00	0.00
2000-1-1 2:55:10	1790432	0.00	1790330	0.00	0.00
2000-1-1 2:55:10	1790516	0.00	1790416	0.00	0.00
2000-1-1 2:55:10	1790602	0.00	1790505	0.00	0.00
2000-1-1 2:55:10	1790690	0.00	1790592	0.00	0.00
2000-1-1 2:55:10	1790776	0.00	1790679	0.00	0.00
2000-1-1 2:55:10	1790860	0.00	1790765	0.00	0.00
2000-1-1 2:55:10	1790946	0.00	1790850	0.00	0.00
2000-1-1 2:55:10	1791033	0.00	1790935	0.00	0.00
2000-1-1 2:55:10	1791118	0.00	1791022	0.00	0.00
2000-1-1 2:55:10	1791203	0.00	1791108	0.00	0.00
2000-1-1 2:55:10	1791288	0.00	1791192	0.00	0.00
2000-1-1 2:55:11	1791707	0.00	1791278	0.00	0.00
2000-1-1 2:55:11	1791791	0.00	1791696	0.00	0.00
2000-1-1 2:55:11	1791876	0.00	1791780	0.00	0.00
2000-1-1 2:55:11	1791960	0.00	1791864	0.00	0.00
2000-1-1 2:55:11	1792047	0.00	1791949	0.00	0.00
2000-1-1 2:55:11	1792134	0.00	1792036	0.00	0.00
2000-1-1 2:55:11	1792218	0.00	1792122	0.00	0.00
2000-1-1 2:55:11	1792303	0.00	1792207	0.00	0.00
2000-1-1 2:55:11	1792390	0.00	1792291	0.00	0.00
2000-1-1 2:55:12	1792477	0.00	1792378	0.00	0.00
2000-1-1 2:55:12	1792565	0.00	1792465	0.00	0.00
2000-1-1 2:55:12	1792650	0.00	1792553	0.00	0.00
2000-1-1 2:55:12	1792737	0.00	1792640	0.00	0.00
2000-1-1 2:55:12	1792823	0.00	1792727	0.00	0.00
2000-1-1 2:55:12	1792907	0.00	1792812	0.00	0.00
2000-1-1 2:55:12	1792993	0.00	1792897	0.00	0.00
2000-1-1 2:55:12	1793080	0.00	1792982	0.00	0.00
2000-1-1 2:55:12	1793165	0.00	1793069	0.00	0.00
2000-1-1 2:55:12	1793250	0.00	1793155	0.00	0.00
2000-1-1 2:55:12	1793335	0.00	1793239	0.00	0.00
2000-1-1 2:55:13	1793422	0.00	1793325	0.00	0.00
2000-1-1 2:55:13	1793511	0.00	1793412	0.00	0.00
2000-1-1 2:55:13	1793597	0.00	1793501	0.00	0.00
2000-1-1 2:55:13	1793683	0.00	1793587	0.00	0.00
2000-1-1 2:55:13	1793768	0.00	1793672	0.00	0.00
2000-1-1 2:55:13	1793854	0.00	1793758	0.00	0.00
2000-1-1 2:55:13	1793939	0.00	1793843	0.00	0.00
2000-1-1 2:55:13	1794025	0.00	1793929	0.00	0.00
2000-1-1 2:55:13	1794111	0.00	1794014	0.00	0.00
2000-1-1 2:55:13	1794196	0.00	1794100	0.00	0.00
2000-1-1 2:55:13	1794282	0.00	1794186	0.00	0.00
2000-1-1 2:55:13	1794371	0.00	1794271	0.00	0.00
2000-1-1 2:55:14	1794456	0.00	1794360	0.00	0.00
2000-1-1 2:55:14	1794544	0.00	1794446	0.00	0.00
2000-1-1 2:55:14	1794630	0.00	1794533	0.00	0.00
2000-1-1 2:55:14	1794714	0.00	1794619	0.00	0.00
2000-1-1 2:55:14	1794800	0.00	1794704	0.00	0.00
2000-1-1 2:55:14	1794887	0.00	1794789	0.00	0.00
2000-1-1 2:55:14	1794972	0.00	1794876	0.00	0.00
2000-1-1 2:55:14	1795057	0.00	1794962	0.00	0.00
2000-1-1 2:55:14	1795143	0.00	1795047	0.00	0.00
2000-1-1 2:55:14	1795234	0.00	1795132	0.00	0.00
2000-1-1 2:55:14	1795319	0.00	1795219	0.00	0.00
2000-1-1 2:55:14	1795403	0.00	1795308	0.00	0.00
2000-1-1 2:55:15	1795490	0.00	1795393	0.00	0.00
2000-1-1 2:55:15	1795577	0.00	1795480	0.00	0.00
2000-1-1 2:55:15	1795662	0.00	1795567	0.00	0.00
2000-1-1 2:55:15	1795746	0.00	1795651	0.00	0.00
2000-1-1 2:55:15	1795833	0.00	1795736	0.00	0.00
2000-1-1 2:55:15	1795920	0.00	1795823	0.00	0.00
2000-1-1 2:55:15	1796005	0.00	1795910	0.00	0.00
2000-1-1 2:55:15	1796089	0.00	1795994	0.00	0.00
2000-1-1 2:55:15	1796182	0.00	1796079	0.00	0.00
2000-1-1 2:55:15	1796267	0.00	1796170	0.00	0.00
2000-1-1 2:55:15	1796352	0.00	1796256	0.00	0.00
2000-1-1 2:55:16	1796438	0.00	1796340	0.00	0.00
2000-1-1 2:55:16	1796524	0.00	1796426	0.00	0.00
2000-1-1 2:55:16	1796610	0.00	1796513	0.00	0.00
2000-1-1 2:55:16	1796695	0.00	1796599	0.00	0.00
2000-1-1 2:55:16	1796780	0.00	1796683	0.00	0.00
2000-1-1 2:55:16	1796867	0.00	1796769	0.00	0.00
2000-1-1 2:55:16	1796953	0.00	1796856	0.00	0.00
2000-1-1 2:55:16	1797042	0.00	1796942	0.00	0.00
2000-1-1 2:55:16	1797128	0.00	1797026	0.00	0.00
2000-1-1 2:55:16	1797214	0.00	1797117	0.00	0.00
2000-1-1 2:55:16	1797300	0.00	1797202	0.00	0.00
2000-1-1 2:55:16	1797385	0.00	1797288	0.00	0.00
2000-1-1 2:55:17	1797471	0.00	1797374	0.00	0.00
2000-1-1 2:55:17	1797557	0.00	1797460	0.00	0.00
2000-1-1 2:55:17	1797642	0.00	1797545	0.00	0.00
2000-1-1 2:55:17	1797728	0.00	1797632	0.00	0.00
2000-1-1 2:55:17	1797814	0.00	1797718	0.00	0.00
2000-1-1 2:55:17	1797900	0.00	1797803	0.00	0.00
2000-1-1 2:55:17	1797991	0.00	1797889	0.00	0.00
2000-1-1 2:55:17	1798077	0.00	1797980	0.00	0.00
2000-1-1 2:55:17	1798162	0.00	1798067	0.00	0.00
2000-1-1 2:55:17	1798247	0.00	1798151	0.00	0.00
2000-1-1 2:55:17	1798335	0.00	1798237	0.00	0.00
2000-1-1 2:55:18	1798421	0.00	1798325	0.00	0.00
2000-1-1 2:55:18	1798506	0.00	1798411	0.00	0.00
2000-1-1 2:55:18	1798591	0.00	1798495	0.00	0.00
2000-1-1 2:55:18	1798679	0.00	1798581	0.00	0.00
2000-1-1 2:55:18	1798764	0.00	1798668	0.00	0.00
2000-1-1 2:55:18	1799100	0.00	1798754	0.00	0.00
2000-1-1 2:55:18	1799259	0.00	1798838	0.00	0.00
2000-1-1 2:55:18	1799344	0.00	1799248	0.00	0.00
2000-1-1 2:55:19	1799428	0.00	1799332	0.00	0.00
2000-1-1 2:55:19	1799513	0.00	1799417	0.00	0.00
2000-1-1 2:55:19	1799600	0.00	1799501	0.00	0.00
2000-1-1 2:55:19	1799686	0.00	1799588	0.00	0.00
2000-1-1 2:55:19	1799771	0.00	1799675	0.00	0.00
2000-1-1 2:55:19	1799855	0.00	1799759	0.00	0.00
2000-1-1 2:55:19	1799942	0.00	1799844	0.00	0.00
2000-1-1 2:55:19	1800029	0.00	1799931	0.00	0.00
2000-1-1 2:55:19	1800117	0.00	1800018	0.00	0.00
2000-1-1 2:55:19	1800203	0.00	1800107	0.00	0.00
2000-1-1 2:55:19	1800289	0.00	1800193	0.00	0.00
2000-1-1 2:55:19	1800375	0.00	1800279	0.00	0.00
2000-1-1 2:55:20	1800459	0.00	1800365	0.00	0.00
2000-1-1 2:55:20	1800545	0.00	1800449	0.00	0.00
2000-1-1 2:55:20	1800632	0.00	1800535	0.00	0.00
2000-1-1 2:55:20	1800718	0.00	1800621	0.00	0.00
2000-1-1 2:55:20	1800802	0.00	1800707	0.00	0.00
2000-1-1 2:55:20	1800888	0.00	1800792	0.00	0.00
2000-1-1 2:55:20	1800972	0.00	1800877	0.00	0.00
2000-1-1 2:55:20	1801058	0.00	1800964	0.00	0.00
2000-1-1 2:55:20	1801142	0.00	1801048	0.00	0.00
2000-1-1 2:55:20	1801228	0.00	1801132	0.00	0.00
2000-1-1 2:55:20	1801315	0.00	1801218	0.00	0.00
2000-1-1 2:55:20	1801401	0.00	1801305	0.00	0.00
2000-1-1 2:55:21	1801485	0.00	1801390	0.00	0.00
2000-1-1 2:55:21	1801571	0.00	1801475	0.00	0.00
2000-1-1 2:55:21	1801658	0.00	1801561	0.00	0.00
2000-1-1 2:55:21	1801743	0.00	1801647	0.00	0.00
2000-1-1 2:55:21	1801828	0.00	1801733	0.00	0.00
2000-1-1 2:55:21	1801918	0.00	1801817	0.00	0.00
2000-1-1 2:55:21	1802004	0.00	1801908	0.00	0.00
2000-1-1 2:55:21	1802090	0.00	1801994	0.00	0.00
2000-1-1 2:55:21	1802176	0.00	1802079	0.00	0.00
2000-1-1 2:55:21	1802262	0.00	1802165	0.00	0.00
2000-1-1 2:55:21	1802347	0.00	1802251	0.00	0.00
2000-1-1 2:55:22	1802433	0.00	1802337	0.00	0.00
2000-1-1 2:55:22	1802519	0.00	1802423	0.00	0.00
2000-1-1 2:55:22	1802604	0.00	1802508	0.00	0.00
2000-1-1 2:55:22	1802690	0.00	1802594	0.00	0.00
2000-1-1 2:55:22	1802780	0.00	1802680	0.00	0.00
2000-1-1 2:55:22	1802866	0.00	1802770	0.00	0.00
2000-1-1 2:55:22	1802950	0.00	1802856	0.00	0.00
2000-1-1 2:55:22	1803036	0.00	1802940	0.00	0.00
2000-1-1 2:55:22	1803123	0.00	1803026	0.00	0.00
2000-1-1 2:55:22	1803209	0.00	1803113	0.00	0.00
2000-1-1 2:55:22	1803293	0.00	1803198	0.00	0.00
2000-1-1 2:55:22	1803378	0.00	1803282	0.00	0.00
2000-1-1 2:55:23	1803465	0.00	1803368	0.00	0.00
2000-1-1 2:55:23	1803551	0.00	1803455	0.00	0.00
2000-1-1 2:55:23	1803636	0.00	1803541	0.00	0.00
2000-1-1 2:55:23	1803726	0.00	1803625	0.00	0.00
2000-1-1 2:55:23	1803813	0.00	1803716	0.00	0.00
2000-1-1 2:55:23	1803897	0.00	1803802	0.00	0.00
2000-1-1 2:55:23	1803982	0.00	1803887	0.00	0.00
2000-1-1 2:55:23	1804069	0.00	1803972	0.00	0.00
2000-1-1 2:55:23	1804156	0.00	1804059	0.00	0.00
2000-1-1 2:55:23	1804240	0.00	1804145	0.00	0.00
2000-1-1 2:55:23	1804325	0.00	1804230	0.00	0.00
2000-1-1 2:55:24	1804412	0.00	1804314	0.00	0.00
2000-1-1 2:55:24	1804499	0.00	1804401	0.00	0.00
2000-1-1 2:55:24	1804588	0.00	1804488	0.00	0.00
2000-1-1 2:55:24	1804673	0.00	1804576	0.00	0.00
2000-1-1 2:55:24	1804760	0.00	1804662	0.00	0.00
2000-1-1 2:55:24	1804846	0.00	1804749	0.00	0.00
2000-1-1 2:55:24	1804930	0.00	1804835	0.00	0.00
2000-1-1 2:55:24	1805016	0.00	1804919	0.00	0.00
2000-1-1 2:55:24	1805103	0.00	1805004	0.00	0.00
2000-1-1 2:55:24	1805188	0.00	1805091	0.00	0.00
2000-1-1 2:55:24	1805273	0.00	1805177	0.00	0.00
2000-1-1 2:55:24	1805359	0.00	1805261	0.00	0.00
2000-1-1 2:55:25	1805449	0.00	1805347	0.00	0.00
2000-1-1 2:55:25	1805535	0.00	1805434	0.00	0.00
2000-1-1 2:55:25	1805621	0.00	1805523	0.00	0.00
2000-1-1 2:55:25	1805707	0.00	1805611	0.00	0.00
2000-1-1 2:55:25	1805793	0.00	1805697	0.00	0.00
2000-1-1 2:55:25	1805879	0.00	1805783	0.00	0.00
2000-1-1 2:55:25	1805965	0.00	1805868	0.00	0.00
2000-1-1 2:55:25	1806051	0.00	1805955	0.00	0.00
2000-1-1 2:55:25	1806136	0.00	1806040	0.00	0.00
2000-1-1 2:55:25	1806222	0.00	1806126	0.00	0.00
2000-1-1 2:55:25	1806307	0.00	1806212	0.00	0.00
2000-1-1 2:55:26	1806721	0.00	1806297	0.00	0.00
2000-1-1 2:55:26	1806804	0.00	1806709	0.00	0.00
2000-1-1 2:55:26	1806888	0.00	1806793	0.00	0.00
2000-1-1 2:55:26	1806973	0.00	1806878	0.00	0.00
2000-1-1 2:55:26	1807059	0.00	1806962	0.00	0.00
2000-1-1 2:55:26	1807147	0.00	1807049	0.00	0.00
2000-1-1 2:55:26	1807232	0.00	1807135	0.00	0.00
2000-1-1 2:55:26	1807315	0.00	1807220	0.00	0.00
2000-1-1 2:55:27	1807403	0.00	1807304	0.00	0.00
2000-1-1 2:55:27	1807490	0.00	1807392	0.00	0.00
2000-1-1 2:55:27	1807578	0.00	1807478	0.00	0.00
2000-1-1 2:55:27	1807664	0.00	1807563	0.00	0.00
2000-1-1 2:55:27	1807751	0.00	1807652	0.00	0.00
2000-1-1 2:55:27	1807836	0.00	1807739	0.00	0.00
2000-1-1 2:55:27	1807921	0.00	1807825	0.00	0.00
2000-1-1 2:55:27	1808006	0.00	1807909	0.00	0.00
2000-1-1 2:55:27	1808093	0.00	1807995	0.00	0.00
2000-1-1 2:55:27	1808179	0.00	1808082	0.00	0.00
2000-1-1 2:55:27	1808263	0.00	1808167	0.00	0.00
2000-1-1 2:55:27	1808349	0.00	1808252	0.00	0.00
2000-1-1 2:55:28	1808436	0.00	1808338	0.00	0.00
2000-1-1 2:55:28	1808525	0.00	1808425	0.00	0.00
2000-1-1 2:55:28	1808611	0.00	1808515	0.00	0.00
2000-1-1 2:55:28	1808696	0.00	1808600	0.00	0.00
2000-1-1 2:55:28	1808782	0.00	1808686	0.00	0.00
2000-1-1 2:55:28	1808868	0.00	1808772	0.00	0.00
2000-1-1 2:55:28	1808953	0.00	1808857	0.00	0.00
2000-1-1 2:55:28	1809039	0.00	1808943	0.00	0.00
2000-1-1 2:55:28	1809125	0.00	1809028	0.00	0.00
2000-1-1 2:55:28	1809210	0.00	1809114	0.00	0.00
2000-1-1 2:55:28	1809296	0.00	1809200	0.00	0.00
2000-1-1 2:55:28	1809385	0.00	1809286	0.00	0.00
2000-1-1 2:55:29	1809471	0.00	1809371	0.00	0.00
2000-1-1 2:55:29	1809558	0.00	1809460	0.00	0.00
2000-1-1 2:55:29	1809644	0.00	1809548	0.00	0.00
2000-1-1 2:55:29	1809729	0.00	1809634	0.00	0.00
2000-1-1 2:55:29	1809815	0.00	1809718	0.00	0.00
2000-1-1 2:55:29	1809901	0.00	1809804	0.00	0.00
2000-1-1 2:55:29	1809987	0.00	1809891	0.00	0.00
2000-1-1 2:55:29	1810071	0.00	1809976	0.00	0.00
2000-1-1 2:55:29	1810157	0.00	1810061	0.00	0.00
2000-1-1 2:55:29	1810244	0.00	1810147	0.00	0.00
2000-1-1 2:55:29	1810333	0.00	1810234	0.00	0.00
2000-1-1 2:55:30	1810418	0.00	1810323	0.00	0.00
2000-1-1 2:55:30	1810505	0.00	1810407	0.00	0.00
2000-1-1 2:55:30	1810591	0.00	1810494	0.00	0.00
2000-1-1 2:55:30	1810676	0.00	1810581	0.00	0.00
2000-1-1 2:55:30	1810761	0.00	1810666	0.00	0.00
2000-1-1 2:55:30	1810848	0.00	1810750	0.00	0.00
2000-1-1 2:55:30	1810934	0.00	1810837	0.00	0.00
2000-1-1 2:55:30	1811019	0.00	1810924	0.00	0.00
2000-1-1 2:55:30	1811103	0.00	1811008	0.00	0.00
2000-1-1 2:55:30	1811195	0.00	1811093	0.00	0.00
2000-1-1 2:55:30	1811280	0.00	1811184	0.00	0.00
2000-1-1 2:55:30	1811365	0.00	1811270	0.00	0.00
2000-1-1 2:55:31	1811451	0.00	1811354	0.00	0.00
2000-1-1 2:55:31	1811538	0.00	1811440	0.00	0.00
2000-1-1 2:55:31	1811623	0.00	1811527	0.00	0.00
2000-1-1 2:55:31	1811708	0.00	1811613	0.00	0.00
2000-1-1 2:55:31	1811794	0.00	1811697	0.00	0.00
2000-1-1 2:55:31	1811881	0.00	1811783	0.00	0.00
2000-1-1 2:55:31	1811966	0.00	1811870	0.00	0.00
2000-1-1 2:55:31	1812051	0.00	1811956	0.00	0.00
2000-1-1 2:55:31	1812142	0.00	1812040	0.00	0.00
2000-1-1 2:55:31	1812228	0.00	1812131	0.00	0.00
2000-1-1 2:55:31	1812313	0.00	1812217	0.00	0.00
2000-1-1 2:55:31	1812399	0.00	1812302	0.00	0.00
2000-1-1 2:55:32	1812485	0.00	1812388	0.00	0.00
2000-1-1 2:55:32	1812571	0.00	1812473	0.00	0.00
2000-1-1 2:55:32	1812656	0.00	1812559	0.00	0.00
2000-1-1 2:55:32	1812742	0.00	1812645	0.00	0.00
2000-1-1 2:55:32	1812828	0.00	1812731	0.00	0.00
2000-1-1 2:55:32	1812914	0.00	1812816	0.00	0.00
2000-1-1 2:55:32	1813005	0.00	1812902	0.00	0.00
2000-1-1 2:55:32	1813091	0.00	1812994	0.00	0.00
2000-1-1 2:55:32	1813175	0.00	1813080	0.00	0.00
2000-1-1 2:55:32	1813261	0.00	1813165	0.00	0.00
2000-1-1 2:55:32	1813349	0.00	1813251	0.00	0.00
2000-1-1 2:55:33	1813435	0.00	1813338	0.00	0.00
2000-1-1 2:55:33	1813519	0.00	1813425	0.00	0.00
2000-1-1 2:55:33	1813605	0.00	1813509	0.00	0.00
2000-1-1 2:55:33	1813692	0.00	1813595	0.00	0.00
2000-1-1 2:55:33	1813778	0.00	1813682	0.00	0.00
2000-1-1 2:55:33	1814111	0.00	1813767	0.00	0.00
2000-1-1 2:55:33	1814269	0.00	1813852	0.00	0.00
2000-1-1 2:55:33	1814353	0.00	1814258	0.00	0.00
2000-1-1 2:55:34	1814438	0.00	1814343	0.00	0.00
2000-1-1 2:55:34	1814522	0.00	1814427	0.00	0.00
2000-1-1 2:55:34	1814609	0.00	1814512	0.00	0.00
2000-1-1 2:55:34	1814696	0.00	1814599	0.00	0.00
2000-1-1 2:55:34	1814780	0.00	1814685	0.00	0.00
2000-1-1 2:55:34	1814865	0.00	1814770	0.00	0.00
2000-1-1 2:55:34	1814952	0.00	1814854	0.00	0.00
2000-1-1 2:55:34	1815038	0.00	1814941	0.00	0.00
2000-1-1 2:55:34	1815127	0.00	1815028	0.00	0.00
2000-1-1 2:55:34	1815213	0.00	1815116	0.00	0.00
2000-1-1 2:55:34	1815300	0.00	1815202	0.00	0.00
2000-1-1 2:55:34	1815386	0.00	1815289	0.00	0.00
2000-1-1 2:55:35	1815470	0.00	1815374	0.00	0.00
2000-1-1 2:55:35	1815556	0.00	1815459	0.00	0.00
2000-1-1 2:55:35	1815642	0.00	1815544	0.00	0.00
2000-1-1 2:55:35	1815728	0.00	1815631	0.00	0.00
2000-1-1 2:55:35	1815812	0.00	1815716	0.00	0.00
2000-1-1 2:55:35	1815898	0.00	1815801	0.00	0.00
2000-1-1 2:55:35	1815988	0.00	1815887	0.00	0.00
2000-1-1 2:55:35	1816074	0.00	1815974	0.00	0.00
2000-1-1 2:55:35	1816160	0.00	1816064	0.00	0.00
2000-1-1 2:55:35	1816245	0.00	1816148	0.00	0.00
2000-1-1 2:55:35	1816331	0.00	1816235	0.00	0.00
2000-1-1 2:55:36	1816417	0.00	1816321	0.00	0.00
2000-1-1 2:55:36	1816502	0.00	1816406	0.00	0.00
2000-1-1 2:55:36	1816588	0.00	1816492	0.00	0.00
2000-1-1 2:55:36	1816674	0.00	1816577	0.00	0.00
2000-1-1 2:55:36	1816759	0.00	1816663	0.00	0.00
2000-1-1 2:55:36	1816845	0.00	1816749	0.00	0.00
2000-1-1 2:55:36	1816934	0.00	1816834	0.00	0.00
2000-1-1 2:55:36	1817019	0.00	1816923	0.00	0.00
2000-1-1 2:55:36	1817107	0.00	1817009	0.00	0.00
2000-1-1 2:55:36	1817193	0.00	1817096	0.00	0.00
2000-1-1 2:55:36	1817277	0.00	1817182	0.00	0.00
2000-1-1 2:55:36	1817363	0.00	1817267	0.00	0.00
2000-1-1 2:55:37	1817450	0.00	1817353	0.00	0.00
2000-1-1 2:55:37	1817536	0.00	1817439	0.00	0.00
2000-1-1 2:55:37	1817620	0.00	1817525	0.00	0.00
2000-1-1 2:55:37	1817706	0.00	1817610	0.00	0.00
2000-1-1 2:55:37	1817797	0.00	1817695	0.00	0.00
2000-1-1 2:55:37	1817882	0.00	1817782	0.00	0.00
2000-1-1 2:55:37	1817966	0.00	1817871	0.00	0.00
2000-1-1 2:55:37	1818053	0.00	1817956	0.00	0.00
2000-1-1 2:55:37	1818140	0.00	1818043	0.00	0.00
2000-1-1 2:55:37	1818224	0.00	1818129	0.00	0.00
2000-1-1 2:55:37	1818309	0.00	1818214	0.00	0.00
2000-1-1 2:55:37	1818396	0.00	1818298	0.00	0.00
2000-1-1 2:55:38	1818483	0.00	1818386	0.00	0.00
2000-1-1 2:55:38	1818567	0.00	1818472	0.00	0.00
2000-1-1 2:55:38	1818652	0.00	1818557	0.00	0.00
2000-1-1 2:55:38	1818743	0.00	1818641	0.00	0.00
2000-1-1 2:55:38	1818829	0.00	1818733	0.00	0.00
2000-1-1 2:55:38	1818913	0.00	1818818	0.00	0.00
2000-1-1 2:55:38	1818999	0.00	1818903	0.00	0.00
2000-1-1 2:55:38	1819086	0.00	1818988	0.00	0.00
2000-1-1 2:55:38	1819171	0.00	1819075	0.00	0.00
2000-1-1 2:55:38	1819256	0.00	1819161	0.00	0.00
2000-1-1 2:55:38	1819342	0.00	1819245	0.00	0.00
2000-1-1 2:55:39	1819429	0.00	1819331	0.00	0.00
2000-1-1 2:55:39	1819514	0.00	1819418	0.00	0.00
2000-1-1 2:55:39	1819603	0.00	1819504	0.00	0.00
2000-1-1 2:55:39	1819689	0.00	1819593	0.00	0.00
2000-1-1 2:55:39	1819776	0.00	1819679	0.00	0.00
2000-1-1 2:55:39	1819860	0.00	1819764	0.00	0.00
2000-1-1 2:55:39	1819947	0.00	1819850	0.00	0.00
2000-1-1 2:55:39	1820033	0.00	1819936	0.00	0.00
2000-1-1 2:55:39	1820118	0.00	1820021	0.00	0.00
2000-1-1 2:55:39	1820204	0.00	1820107	0.00	0.00
2000-1-1 2:55:39	1820290	0.00	1820193	0.00	0.00
2000-1-1 2:55:39	1820376	0.00	1820279	0.00	0.00
2000-1-1 2:55:40	1820461	0.00	1820364	0.00	0.00
2000-1-1 2:55:40	1820552	0.00	1820450	0.00	0.00
2000-1-1 2:55:40	1820639	0.00	1820541	0.00	0.00
2000-1-1 2:55:40	1820723	0.00	1820627	0.00	0.00
2000-1-1 2:55:40	1820809	0.00	1820712	0.00	0.00
2000-1-1 2:55:40	1820897	0.00	1820797	0.00	0.00
2000-1-1 2:55:40	1820983	0.00	1820886	0.00	0.00
2000-1-1 2:55:40	1821067	0.00	1820972	0.00	0.00
2000-1-1 2:55:40	1821153	0.00	1821057	0.00	0.00
2000-1-1 2:55:40	1821240	0.00	1821143	0.00	0.00
2000-1-1 2:55:40	1821325	0.00	1821229	0.00	0.00
2000-1-1 2:55:41	1821736	0.00	1821315	0.00	0.00
2000-1-1 2:55:41	1821820	0.00	1821725	0.00	0.00
2000-1-1 2:55:41	1821905	0.00	1821810	0.00	0.00
2000-1-1 2:55:41	1821990	0.00	1821894	0.00	0.00
2000-1-1 2:55:41	1822076	0.00	1821979	0.00	0.00
2000-1-1 2:55:41	1822163	0.00	1822066	0.00	0.00
2000-1-1 2:55:41	1822248	0.00	1822153	0.00	0.00
2000-1-1 2:55:41	1822332	0.00	1822237	0.00	0.00
2000-1-1 2:55:42	1822419	0.00	1822321	0.00	0.00
2000-1-1 2:55:42	1822507	0.00	1822408	0.00	0.00
2000-1-1 2:55:42	1822595	0.00	1822495	0.00	0.00
2000-1-1 2:55:42	1822681	0.00	1822580	0.00	0.00
2000-1-1 2:55:42	1822768	0.00	1822669	0.00	0.00
2000-1-1 2:55:42	1822854	0.00	1822757	0.00	0.00
2000-1-1 2:55:42	1822938	0.00	1822842	0.00	0.00
2000-1-1 2:55:42	1823024	0.00	1822927	0.00	0.00
2000-1-1 2:55:42	1823111	0.00	1823013	0.00	0.00
2000-1-1 2:55:42	1823197	0.00	1823100	0.00	0.00
2000-1-1 2:55:42	1823281	0.00	1823185	0.00	0.00
2000-1-1 2:55:42	1823367	0.00	1823270	0.00	0.00
2000-1-1 2:55:43	1823454	0.00	1823356	0.00	0.00
2000-1-1 2:55:43	1823543	0.00	1823443	0.00	0.00
2000-1-1 2:55:43	1823629	0.00	1823533	0.00	0.00
2000-1-1 2:55:43	1823715	0.00	1823619	0.00	0.00
2000-1-1 2:55:43	1823801	0.00	1823705	0.00	0.00
2000-1-1 2:55:43	1823887	0.00	1823791	0.00	0.00
2000-1-1 2:55:43	1823972	0.00	1823876	0.00	0.00
2000-1-1 2:55:43	1824058	0.00	1823962	0.00	0.00
2000-1-1 2:55:43	1824144	0.00	1824048	0.00	0.00
2000-1-1 2:55:43	1824230	0.00	1824134	0.00	0.00
2000-1-1 2:55:43	1824316	0.00	1824219	0.00	0.00
2000-1-1 2:55:44	1824405	0.00	1824305	0.00	0.00
2000-1-1 2:55:44	1824491	0.00	1824391	0.00	0.00
2000-1-1 2:55:44	1824578	0.00	1824480	0.00	0.00
2000-1-1 2:55:44	1824665	0.00	1824568	0.00	0.00
2000-1-1 2:55:44	1824749	0.00	1824654	0.00	0.00
2000-1-1 2:55:44	1824834	0.00	1824739	0.00	0.00
2000-1-1 2:55:44	1824921	0.00	1824824	0.00	0.00
2000-1-1 2:55:44	1825007	0.00	1824911	0.00	0.00
2000-1-1 2:55:44	1825091	0.00	1824996	0.00	0.00
2000-1-1 2:55:44	1825177	0.00	1825081	0.00	0.00
2000-1-1 2:55:44	1825264	0.00	1825167	0.00	0.00
2000-1-1 2:55:44	1825354	0.00	1825254	0.00	0.00
2000-1-1 2:55:45	1825438	0.00	1825343	0.00	0.00
2000-1-1 2:55:45	1825526	0.00	1825428	0.00	0.00
2000-1-1 2:55:45	1825612	0.00	1825515	0.00	0.00
2000-1-1 2:55:45	1825697	0.00	1825602	0.00	0.00
2000-1-1 2:55:45	1825782	0.00	1825687	0.00	0.00
2000-1-1 2:55:45	1825869	0.00	1825771	0.00	0.00
2000-1-1 2:55:45	1825956	0.00	1825858	0.00	0.00
2000-1-1 2:55:45	1826041	0.00	1825945	0.00	0.00
2000-1-1 2:55:45	1826125	0.00	1826030	0.00	0.00
2000-1-1 2:55:45	1826217	0.00	1826115	0.00	0.00
2000-1-1 2:55:45	1826304	0.00	1826202	0.00	0.00
2000-1-1 2:55:45	1826388	0.00	1826292	0.00	0.00
2000-1-1 2:55:46	1826473	0.00	1826377	0.00	0.00
2000-1-1 2:55:46	1826562	0.00	1826463	0.00	0.00
2000-1-1 2:55:46	1826647	0.00	1826550	0.00	0.00
2000-1-1 2:55:46	1826732	0.00	1826636	0.00	0.00
2000-1-1 2:55:46	1826818	0.00	1826720	0.00	0.00
2000-1-1 2:55:46	1826905	0.00	1826807	0.00	0.00
2000-1-1 2:55:46	1826991	0.00	1826894	0.00	0.00
2000-1-1 2:55:46	1827076	0.00	1826979	0.00	0.00
2000-1-1 2:55:46	1827166	0.00	1827064	0.00	0.00
2000-1-1 2:55:46	1827252	0.00	1827155	0.00	0.00
2000-1-1 2:55:46	1827337	0.00	1827241	0.00	0.00
2000-1-1 2:55:47	1827423	0.00	1827326	0.00	0.00
2000-1-1 2:55:47	1827509	0.00	1827411	0.00	0.00
2000-1-1 2:55:47	1827595	0.00	1827497	0.00	0.00
2000-1-1 2:55:47	1827680	0.00	1827584	0.00	0.00
2000-1-1 2:55:47	1827766	0.00	1827670	0.00	0.00
2000-1-1 2:55:47	1827852	0.00	1827756	0.00	0.00
2000-1-1 2:55:47	1827938	0.00	1827842	0.00	0.00
2000-1-1 2:55:47	1828029	0.00	1827928	0.00	0.00
2000-1-1 2:55:47	1828115	0.00	1828013	0.00	0.00
2000-1-1 2:55:47	1828199	0.00	1828104	0.00	0.00
2000-1-1 2:55:47	1828285	0.00	1828189	0.00	0.00
2000-1-1 2:55:47	1828373	0.00	1828275	0.00	0.00
2000-1-1 2:55:48	1828460	0.00	1828363	0.00	0.00
2000-1-1 2:55:48	1828544	0.00	1828449	0.00	0.00
2000-1-1 2:55:48	1828630	0.00	1828534	0.00	0.00
2000-1-1 2:55:48	1828717	0.00	1828620	0.00	0.00
2000-1-1 2:55:48	1828803	0.00	1828707	0.00	0.00
2000-1-1 2:55:48	1828887	0.00	1828793	0.00	0.00
2000-1-1 2:55:48	1829304	0.00	1828877	0.00	0.00
2000-1-1 2:55:48	1829389	0.00	1829294	0.00	0.00
2000-1-1 2:55:49	1829473	0.00	1829378	0.00	0.00
2000-1-1 2:55:49	1829558	0.00	1829463	0.00	0.00
2000-1-1 2:55:49	1829645	0.00	1829547	0.00	0.00
2000-1-1 2:55:49	1829731	0.00	1829634	0.00	0.00
2000-1-1 2:55:49	1829816	0.00	1829721	0.00	0.00
2000-1-1 2:55:49	1829900	0.00	1829805	0.00	0.00
2000-1-1 2:55:49	1829988	0.00	1829890	0.00	0.00
2000-1-1 2:55:49	1830074	0.00	1829977	0.00	0.00
2000-1-1 2:55:49	1830162	0.00	1830064	0.00	0.00
2000-1-1 2:55:49	1830248	0.00	1830152	0.00	0.00
2000-1-1 2:55:49	1830335	0.00	1830238	0.00	0.00
2000-1-1 2:55:50	1830421	0.00	1830325	0.00	0.00
2000-1-1 2:55:50	1830505	0.00	1830410	0.00	0.00
2000-1-1 2:55:50	1830591	0.00	1830495	0.00	0.00
2000-1-1 2:55:50	1830678	0.00	1830580	0.00	0.00
2000-1-1 2:55:50	1830763	0.00	1830667	0.00	0.00
2000-1-1 2:55:50	1830847	0.00	1830753	0.00	0.00
2000-1-1 2:55:50	1830933	0.00	1830837	0.00	0.00
2000-1-1 2:55:50	1831020	0.00	1830923	0.00	0.00
2000-1-1 2:55:50	1831109	0.00	1831010	0.00	0.00
2000-1-1 2:55:50	1831195	0.00	1831099	0.00	0.00
2000-1-1 2:55:50	1831281	0.00	1831185	0.00	0.00
2000-1-1 2:55:50	1831367	0.00	1831270	0.00	0.00
2000-1-1 2:55:51	1831452	0.00	1831356	0.00	0.00
2000-1-1 2:55:51	1831538	0.00	1831442	0.00	0.00
2000-1-1 2:55:51	1831623	0.00	1831527	0.00	0.00
2000-1-1 2:55:51	1831709	0.00	1831613	0.00	0.00
2000-1-1 2:55:51	1831795	0.00	1831699	0.00	0.00
2000-1-1 2:55:51	1831881	0.00	1831784	0.00	0.00
2000-1-1 2:55:51	1831970	0.00	1831870	0.00	0.00
2000-1-1 2:55:51	1832055	0.00	1831959	0.00	0.00
2000-1-1 2:55:51	1832143	0.00	1832045	0.00	0.00
2000-1-1 2:55:51	1832229	0.00	1832132	0.00	0.00
2000-1-1 2:55:51	1832313	0.00	1832218	0.00	0.00
2000-1-1 2:55:52	1832399	0.00	1832303	0.00	0.00
2000-1-1 2:55:52	1832486	0.00	1832389	0.00	0.00
2000-1-1 2:55:52	1832572	0.00	1832476	0.00	0.00
2000-1-1 2:55:52	1832656	0.00	1832561	0.00	0.00
2000-1-1 2:55:52	1832742	0.00	1832646	0.00	0.00
2000-1-1 2:55:52	1832835	0.00	1832731	0.00	0.00
2000-1-1 2:55:52	1832919	0.00	1832819	0.00	0.00
2000-1-1 2:55:52	1833004	0.00	1832908	0.00	0.00
2000-1-1 2:55:52	1833091	0.00	1832992	0.00	0.00
2000-1-1 2:55:52	1833178	0.00	1833079	0.00	0.00
2000-1-1 2:55:52	1833262	0.00	1833166	0.00	0.00
2000-1-1 2:55:52	1833346	0.00	1833251	0.00	0.00
2000-1-1 2:55:53	1833433	0.00	1833335	0.00	0.00
2000-1-1 2:55:53	1833520	0.00	1833422	0.00	0.00
2000-1-1 2:55:53	1833605	0.00	1833509	0.00	0.00
2000-1-1 2:55:53	1833689	0.00	1833593	0.00	0.00
2000-1-1 2:55:53	1833781	0.00	1833678	0.00	0.00
2000-1-1 2:55:53	1833867	0.00	1833771	0.00	0.00
2000-1-1 2:55:53	1833951	0.00	1833856	0.00	0.00
2000-1-1 2:55:53	1834037	0.00	1833940	0.00	0.00
2000-1-1 2:55:53	1834124	0.00	1834027	0.00	0.00
2000-1-1 2:55:53	1834210	0.00	1834114	0.00	0.00
2000-1-1 2:55:53	1834294	0.00	1834199	0.00	0.00
2000-1-1 2:55:53	1834380	0.00	1834284	0.00	0.00
2000-1-1 2:55:54	1834467	0.00	1834370	0.00	0.00
2000-1-1 2:55:54	1834553	0.00	1834457	0.00	0.00
2000-1-1 2:55:54	1834642	0.00	1834543	0.00	0.00
2000-1-1 2:55:54	1834728	0.00	1834627	0.00	0.00
2000-1-1 2:55:54	1834814	0.00	1834718	0.00	0.00
2000-1-1 2:55:54	1834900	0.00	1834804	0.00	0.00
2000-1-1 2:55:54	1834986	0.00	1834889	0.00	0.00
2000-1-1 2:55:54	1835071	0.00	1834975	0.00	0.00
2000-1-1 2:55:54	1835157	0.00	1835061	0.00	0.00
2000-1-1 2:55:54	1835243	0.00	1835147	0.00	0.00
2000-1-1 2:55:54	1835329	0.00	1835232	0.00	0.00
2000-1-1 2:55:55	1835414	0.00	1835318	0.00	0.00
2000-1-1 2:55:55	1835500	0.00	1835404	0.00	0.00
2000-1-1 2:55:55	1835591	0.00	1835490	0.00	0.00
2000-1-1 2:55:55	1835678	0.00	1835581	0.00	0.00
2000-1-1 2:55:55	1835762	0.00	1835667	0.00	0.00
2000-1-1 2:55:55	1835847	0.00	1835752	0.00	0.00
2000-1-1 2:55:55	1835935	0.00	1835837	0.00	0.00
2000-1-1 2:55:55	1836022	0.00	1835925	0.00	0.00
2000-1-1 2:55:55	1836106	0.00	1836011	0.00	0.00
2000-1-1 2:55:55	1836192	0.00	1836096	0.00	0.00
2000-1-1 2:55:55	1836279	0.00	1836181	0.00	0.00
2000-1-1 2:55:55	1836364	0.00	1836268	0.00	0.00
2000-1-1 2:55:56	1836704	0.00	1836354	0.00	0.00
2000-1-1 2:55:56	1836863	0.00	1836438	0.00	0.00
2000-1-1 2:55:56	1836947	0.00	1836853	0.00	0.00
2000-1-1 2:55:56	1837032	0.00	1836937	0.00	0.00
2000-1-1 2:55:56	1837116	0.00	1837021	0.00	0.00
2000-1-1 2:55:56	1837203	0.00	1837106	0.00	0.00
2000-1-1 2:55:56	1837290	0.00	1837193	0.00	0.00
2000-1-1 2:55:56	1837375	0.00	1837279	0.00	0.00
2000-1-1 2:55:57	1837459	0.00	1837364	0.00	0.00
2000-1-1 2:55:57	1837546	0.00	1837449	0.00	0.00
2000-1-1 2:55:57	1837633	0.00	1837536	0.00	0.00
2000-1-1 2:55:57	1837721	0.00	1837622	0.00	0.00
2000-1-1 2:55:57	1837807	0.00	1837710	0.00	0.00
2000-1-1 2:55:57	1837894	0.00	1837796	0.00	0.00
2000-1-1 2:55:57	1837980	0.00	1837883	0.00	0.00
2000-1-1 2:55:57	1838064	0.00	1837969	0.00	0.00
2000-1-1 2:55:57	1838150	0.00	1838054	0.00	0.00
2000-1-1 2:55:57	1838237	0.00	1838139	0.00	0.00
2000-1-1 2:55:57	1838322	0.00	1838226	0.00	0.00
2000-1-1 2:55:58	1838407	0.00	1838312	0.00	0.00
2000-1-1 2:55:58	1838493	0.00	1838396	0.00	0.00
2000-1-1 2:55:58	1838583	0.00	1838482	0.00	0.00
2000-1-1 2:55:58	1838668	0.00	1838572	0.00	0.00
2000-1-1 2:55:58	1838754	0.00	1838658	0.00	0.00
2000-1-1 2:55:58	1838840	0.00	1838744	0.00	0.00
2000-1-1 2:55:58	1838926	0.00	1838829	0.00	0.00
2000-1-1 2:55:58	1839011	0.00	1838915	0.00	0.00
2000-1-1 2:55:58	1839097	0.00	1839001	0.00	0.00
2000-1-1 2:55:58	1839183	0.00	1839087	0.00	0.00
2000-1-1 2:55:58	1839269	0.00	1839172	0.00	0.00
2000-1-1 2:55:58	1839354	0.00	1839258	0.00	0.00
2000-1-1 2:55:59	1839440	0.00	1839343	0.00	0.00
2000-1-1 2:55:59	1839529	0.00	1839429	0.00	0.00
2000-1-1 2:55:59	1839614	0.00	1839518	0.00	0.00
2000-1-1 2:55:59	1839703	0.00	1839604	0.00	0.00
2000-1-1 2:55:59	1839789	0.00	1839691	0.00	0.00
2000-1-1 2:55:59	1839874	0.00	1839777	0.00	0.00
2000-1-1 2:55:59	1839959	0.00	1839862	0.00	0.00
2000-1-1 2:55:59	1840046	0.00	1839948	0.00	0.00
2000-1-1 2:55:59	1840132	0.00	1840035	0.00	0.00
2000-1-1 2:55:59	1840217	0.00	1840120	0.00	0.00
2000-1-1 2:55:59	1840302	0.00	1840205	0.00	0.00
2000-1-1 2:56:0	1840394	0.00	1840291	0.00	0.00
2000-1-1 2:56:0	1840478	0.00	1840382	0.00	0.00
2000-1-1 2:56:0	1840563	0.00	1840467	0.00	0.00
2000-1-1 2:56:0	1840650	0.00	1840551	0.00	0.00
2000-1-1 2:56:0	1840737	0.00	1840640	0.00	0.00
2000-1-1 2:56:0	1840821	0.00	1840726	0.00	0.00
2000-1-1 2:56:0	1840906	0.00	1840811	0.00	0.00
2000-1-1 2:56:0	1840993	0.00	1840894	0.00	0.00
2000-1-1 2:56:0	1841080	0.00	1840983	0.00	0.00
2000-1-1 2:56:0	1841165	0.00	1841070	0.00	0.00
2000-1-1 2:56:0	1841249	0.00	1841154	0.00	0.00
2000-1-1 2:56:0	1841341	0.00	1841239	0.00	0.00
2000-1-1 2:56:1	1841427	0.00	1841330	0.00	0.00
2000-1-1 2:56:1	1841511	0.00	1841416	0.00	0.00
2000-1-1 2:56:1	1841597	0.00	1841501	0.00	0.00
2000-1-1 2:56:1	1841684	0.00	1841587	0.00	0.00
2000-1-1 2:56:1	1841770	0.00	1841673	0.00	0.00
2000-1-1 2:56:1	1841854	0.00	1841759	0.00	0.00
2000-1-1 2:56:1	1841940	0.00	1841844	0.00	0.00
2000-1-1 2:56:1	1842027	0.00	1841930	0.00	0.00
2000-1-1 2:56:1	1842113	0.00	1842017	0.00	0.00
2000-1-1 2:56:1	1842202	0.00	1842102	0.00	0.00
2000-1-1 2:56:1	1842288	0.00	1842187	0.00	0.00
2000-1-1 2:56:1	1842374	0.00	1842277	0.00	0.00
2000-1-1 2:56:2	1842459	0.00	1842363	0.00	0.00
2000-1-1 2:56:2	1842545	0.00	1842449	0.00	0.00
2000-1-1 2:56:2	1842631	0.00	1842535	0.00	0.00
2000-1-1 2:56:2	1842717	0.00	1842620	0.00	0.00
2000-1-1 2:56:2	1842802	0.00	1842706	0.00	0.00
2000-1-1 2:56:2	1842888	0.00	1842792	0.00	0.00
2000-1-1 2:56:2	1842974	0.00	1842878	0.00	0.00
2000-1-1 2:56:2	1843060	0.00	1842963	0.00	0.00
2000-1-1 2:56:2	1843151	0.00	1843049	0.00	0.00
2000-1-1 2:56:2	1843237	0.00	1843140	0.00	0.00
2000-1-1 2:56:2	1843322	0.00	1843227	0.00	0.00
2000-1-1 2:56:3	1843407	0.00	1843311	0.00	0.00
2000-1-1 2:56:3	1843495	0.00	1843397	0.00	0.00
2000-1-1 2:56:3	1843582	0.00	1843485	0.00	0.00
2000-1-1 2:56:3	1843666	0.00	1843571	0.00	0.00
2000-1-1 2:56:3	1843752	0.00	1843656	0.00	0.00
2000-1-1 2:56:3	1843840	0.00	1843741	0.00	0.00
2000-1-1 2:56:3	1843926	0.00	1843828	0.00	0.00
2000-1-1 2:56:3	1844009	0.00	1843914	0.00	0.00
2000-1-1 2:56:4	1844423	0.00	1843999	0.00	0.00
2000-1-1 2:56:4	1844507	0.00	1844412	0.00	0.00
2000-1-1 2:56:4	1844592	0.00	1844497	0.00	0.00
2000-1-1 2:56:4	1844676	0.00	1844581	0.00	0.00
2000-1-1 2:56:4	1844763	0.00	1844666	0.00	0.00
2000-1-1 2:56:4	1844850	0.00	1844753	0.00	0.00
2000-1-1 2:56:4	1844934	0.00	1844839	0.00	0.00
2000-1-1 2:56:4	1845019	0.00	1844924	0.00	0.00
2000-1-1 2:56:4	1845106	0.00	1845008	0.00	0.00
2000-1-1 2:56:4	1845193	0.00	1845095	0.00	0.00
2000-1-1 2:56:4	1845281	0.00	1845182	0.00	0.00
2000-1-1 2:56:4	1845366	0.00	1845267	0.00	0.00
2000-1-1 2:56:5	1845453	0.00	1845356	0.00	0.00
2000-1-1 2:56:5	1845539	0.00	1845443	0.00	0.00
2000-1-1 2:56:5	1845623	0.00	1845528	0.00	0.00
2000-1-1 2:56:5	1845709	0.00	1845613	0.00	0.00
2000-1-1 2:56:5	1845795	0.00	1845698	0.00	0.00
2000-1-1 2:56:5	1845881	0.00	1845785	0.00	0.00
2000-1-1 2:56:5	1845966	0.00	1845871	0.00	0.00
2000-1-1 2:56:5	1846051	0.00	1845955	0.00	0.00
2000-1-1 2:56:5	1846138	0.00	1846041	0.00	0.00
2000-1-1 2:56:5	1846227	0.00	1846128	0.00	0.00
2000-1-1 2:56:5	1846313	0.00	1846217	0.00	0.00
2000-1-1 2:56:6	1846400	0.00	1846303	0.00	0.00
2000-1-1 2:56:6	1846484	0.00	1846388	0.00	0.00
2000-1-1 2:56:6	1846571	0.00	1846474	0.00	0.00
2000-1-1 2:56:6	1846657	0.00	1846559	0.00	0.00
2000-1-1 2:56:6	1846742	0.00	1846645	0.00	0.00
2000-1-1 2:56:6	1846828	0.00	1846731	0.00	0.00
2000-1-1 2:56:6	1846913	0.00	1846816	0.00	0.00
2000-1-1 2:56:6	1846999	0.00	1846902	0.00	0.00
2000-1-1 2:56:6	1847085	0.00	1846988	0.00	0.00
2000-1-1 2:56:6	1847174	0.00	1847073	0.00	0.00
2000-1-1 2:56:6	1847261	0.00	1847162	0.00	0.00
2000-1-1 2:56:6	1847347	0.00	1847250	0.00	0.00
2000-1-1 2:56:7	1847432	0.00	1847336	0.00	0.00
2000-1-1 2:56:7	1847517	0.00	1847420	0.00	0.00
2000-1-1 2:56:7	1847604	0.00	1847506	0.00	0.00
2000-1-1 2:56:7	1847690	0.00	1847593	0.00	0.00
2000-1-1 2:56:7	1847774	0.00	1847678	0.00	0.00
2000-1-1 2:56:7	1847860	0.00	1847763	0.00	0.00
2000-1-1 2:56:7	1847947	0.00	1847849	0.00	0.00
2000-1-1 2:56:7	1848036	0.00	1847937	0.00	0.00
2000-1-1 2:56:7	1848121	0.00	1848022	0.00	0.00
2000-1-1 2:56:7	1848208	0.00	1848110	0.00	0.00
2000-1-1 2:56:7	1848295	0.00	1848197	0.00	0.00
2000-1-1 2:56:7	1848379	0.00	1848284	0.00	0.00
2000-1-1 2:56:8	1848463	0.00	1848368	0.00	0.00
2000-1-1 2:56:8	1848550	0.00	1848453	0.00	0.00
2000-1-1 2:56:8	1848637	0.00	1848540	0.00	0.00
2000-1-1 2:56:8	1848722	0.00	1848626	0.00	0.00
2000-1-1 2:56:8	1848806	0.00	1848711	0.00	0.00
2000-1-1 2:56:8	1848893	0.00	1848796	0.00	0.00
2000-1-1 2:56:8	1848983	0.00	1848883	0.00	0.00
2000-1-1 2:56:8	1849068	0.00	1848973	0.00	0.00
2000-1-1 2:56:8	1849154	0.00	1849057	0.00	0.00
2000-1-1 2:56:8	1849241	0.00	1849143	0.00	0.00
2000-1-1 2:56:8	1849326	0.00	1849230	0.00	0.00
2000-1-1 2:56:9	1849411	0.00	1849316	0.00	0.00
2000-1-1 2:56:9	1849497	0.00	1849400	0.00	0.00
2000-1-1 2:56:9	1849584	0.00	1849486	0.00	0.00
2000-1-1 2:56:9	1849670	0.00	1849573	0.00	0.00
2000-1-1 2:56:9	1849754	0.00	1849659	0.00	0.00
2000-1-1 2:56:9	1849840	0.00	1849744	0.00	0.00
2000-1-1 2:56:9	1849930	0.00	1849829	0.00	0.00
2000-1-1 2:56:9	1850016	0.00	1849920	0.00	0.00
2000-1-1 2:56:9	1850102	0.00	1850005	0.00	0.00
2000-1-1 2:56:9	1850187	0.00	1850091	0.00	0.00
2000-1-1 2:56:9	1850273	0.00	1850177	0.00	0.00
2000-1-1 2:56:9	1850359	0.00	1850263	0.00	0.00
2000-1-1 2:56:10	1850445	0.00	1850348	0.00	0.00
2000-1-1 2:56:10	1850530	0.00	1850434	0.00	0.00
2000-1-1 2:56:10	1850616	0.00	1850520	0.00	0.00
2000-1-1 2:56:10	1850702	0.00	1850606	0.00	0.00
2000-1-1 2:56:10	1850792	0.00	1850691	0.00	0.00
2000-1-1 2:56:10	1850876	0.00	1850777	0.00	0.00
2000-1-1 2:56:10	1850962	0.00	1850866	0.00	0.00
2000-1-1 2:56:10	1851051	0.00	1850952	0.00	0.00
2000-1-1 2:56:10	1851137	0.00	1851039	0.00	0.00
2000-1-1 2:56:10	1851222	0.00	1851126	0.00	0.00
2000-1-1 2:56:10	1851307	0.00	1851210	0.00	0.00
2000-1-1 2:56:11	1851394	0.00	1851296	0.00	0.00
2000-1-1 2:56:11	1851480	0.00	1851383	0.00	0.00
2000-1-1 2:56:11	1851565	0.00	1851469	0.00	0.00
2000-1-1 2:56:11	1851651	0.00	1851553	0.00	0.00
2000-1-1 2:56:11	1852064	0.00	1851639	0.00	0.00
2000-1-1 2:56:11	1852148	0.00	1852053	0.00	0.00
2000-1-1 2:56:11	1852233	0.00	1852138	0.00	0.00
2000-1-1 2:56:11	1852317	0.00	1852222	0.00	0.00
2000-1-1 2:56:12	1852405	0.00	1852307	0.00	0.00
2000-1-1 2:56:12	1852491	0.00	1852394	0.00	0.00
2000-1-1 2:56:12	1852576	0.00	1852481	0.00	0.00
2000-1-1 2:56:12	1852661	0.00	1852565	0.00	0.00
2000-1-1 2:56:12	1852748	0.00	1852650	0.00	0.00
2000-1-1 2:56:12	1852835	0.00	1852737	0.00	0.00
2000-1-1 2:56:12	1852917	0.00	1852824	0.00	0.00
2000-1-1 2:56:12	1853002	0.00	1852909	0.00	0.00
2000-1-1 2:56:12	1853090	0.00	1852992	0.00	0.00
2000-1-1 2:56:12	1853176	0.00	1853079	0.00	0.00
2000-1-1 2:56:12	1853261	0.00	1853166	0.00	0.00
2000-1-1 2:56:12	1853346	0.00	1853250	0.00	0.00
2000-1-1 2:56:13	1853432	0.00	1853335	0.00	0.00
2000-1-1 2:56:13	1853519	0.00	1853422	0.00	0.00
2000-1-1 2:56:13	1853604	0.00	1853509	0.00	0.00
2000-1-1 2:56:13	1853689	0.00	1853593	0.00	0.00
2000-1-1 2:56:13	1853776	0.00	1853678	0.00	0.00
2000-1-1 2:56:13	1853867	0.00	1853765	0.00	0.00
2000-1-1 2:56:13	1853952	0.00	1853856	0.00	0.00
2000-1-1 2:56:13	1854038	0.00	1853940	0.00	0.00
2000-1-1 2:56:13	1854125	0.00	1854026	0.00	0.00
2000-1-1 2:56:13	1854211	0.00	1854113	0.00	0.00
2000-1-1 2:56:13	1854295	0.00	1854199	0.00	0.00
2000-1-1 2:56:13	1854380	0.00	1854284	0.00	0.00
2000-1-1 2:56:14	1854468	0.00	1854369	0.00	0.00
2000-1-1 2:56:14	1854553	0.00	1854456	0.00	0.00
2000-1-1 2:56:14	1854638	0.00	1854542	0.00	0.00
2000-1-1 2:56:14	1854729	0.00	1854626	0.00	0.00
2000-1-1 2:56:14	1854815	0.00	1854717	0.00	0.00
2000-1-1 2:56:14	1854901	0.00	1854803	0.00	0.00
2000-1-1 2:56:14	1854987	0.00	1854889	0.00	0.00
2000-1-1 2:56:14	1855073	0.00	1854977	0.00	0.00
2000-1-1 2:56:14	1855159	0.00	1855063	0.00	0.00
2000-1-1 2:56:14	1855245	0.00	1855149	0.00	0.00
2000-1-1 2:56:14	1855331	0.00	1855234	0.00	0.00
2000-1-1 2:56:15	1855417	0.00	1855320	0.00	0.00
2000-1-1 2:56:15	1855503	0.00	1855406	0.00	0.00
2000-1-1 2:56:15	1855588	0.00	1855492	0.00	0.00
2000-1-1 2:56:15	1855679	0.00	1855578	0.00	0.00
2000-1-1 2:56:15	1855764	0.00	1855669	0.00	0.00
2000-1-1 2:56:15	1855850	0.00	1855753	0.00	0.00
2000-1-1 2:56:15	1855937	0.00	1855839	0.00	0.00
2000-1-1 2:56:15	1856023	0.00	1855926	0.00	0.00
2000-1-1 2:56:15	1856107	0.00	1856012	0.00	0.00
2000-1-1 2:56:15	1856193	0.00	1856097	0.00	0.00
2000-1-1 2:56:15	1856281	0.00	1856183	0.00	0.00
2000-1-1 2:56:15	1856366	0.00	1856270	0.00	0.00
2000-1-1 2:56:16	1856451	0.00	1856356	0.00	0.00
2000-1-1 2:56:16	1856542	0.00	1856441	0.00	0.00
2000-1-1 2:56:16	1856629	0.00	1856531	0.00	0.00
2000-1-1 2:56:16	1856714	0.00	1856618	0.00	0.00
2000-1-1 2:56:16	1856798	0.00	1856703	0.00	0.00
2000-1-1 2:56:16	1856885	0.00	1856788	0.00	0.00
2000-1-1 2:56:16	1856972	0.00	1856875	0.00	0.00
2000-1-1 2:56:16	1857057	0.00	1856961	0.00	0.00
2000-1-1 2:56:16	1857141	0.00	1857046	0.00	0.00
2000-1-1 2:56:16	1857229	0.00	1857131	0.00	0.00
2000-1-1 2:56:16	1857316	0.00	1857218	0.00	0.00
2000-1-1 2:56:17	1857404	0.00	1857305	0.00	0.00
2000-1-1 2:56:17	1857490	0.00	1857390	0.00	0.00
2000-1-1 2:56:17	1857577	0.00	1857479	0.00	0.00
2000-1-1 2:56:17	1857664	0.00	1857566	0.00	0.00
2000-1-1 2:56:17	1857747	0.00	1857652	0.00	0.00
2000-1-1 2:56:17	1857833	0.00	1857737	0.00	0.00
2000-1-1 2:56:17	1857921	0.00	1857823	0.00	0.00
2000-1-1 2:56:17	1858007	0.00	1857910	0.00	0.00
2000-1-1 2:56:17	1858092	0.00	1857996	0.00	0.00
2000-1-1 2:56:17	1858178	0.00	1858080	0.00	0.00
2000-1-1 2:56:17	1858265	0.00	1858166	0.00	0.00
2000-1-1 2:56:17	1858354	0.00	1858254	0.00	0.00
2000-1-1 2:56:18	1858441	0.00	1858343	0.00	0.00
2000-1-1 2:56:18	1858527	0.00	1858429	0.00	0.00
2000-1-1 2:56:18	1858613	0.00	1858516	0.00	0.00
2000-1-1 2:56:18	1858699	0.00	1858603	0.00	0.00
2000-1-1 2:56:18	1858786	0.00	1858689	0.00	0.00
2000-1-1 2:56:18	1858872	0.00	1858776	0.00	0.00
2000-1-1 2:56:18	1858958	0.00	1858861	0.00	0.00
2000-1-1 2:56:18	1859044	0.00	1858947	0.00	0.00
2000-1-1 2:56:18	1859130	0.00	1859033	0.00	0.00
2000-1-1 2:56:18	1859480	0.00	1859119	0.00	0.00
2000-1-1 2:56:19	1859640	0.00	1859205	0.00	0.00
2000-1-1 2:56:19	1859725	0.00	1859629	0.00	0.00
2000-1-1 2:56:19	1859809	0.00	1859714	0.00	0.00
2000-1-1 2:56:19	1859893	0.00	1859799	0.00	0.00
2000-1-1 2:56:19	1859980	0.00	1859883	0.00	0.00
2000-1-1 2:56:19	1860067	0.00	1859970	0.00	0.00
2000-1-1 2:56:19	1860152	0.00	1860056	0.00	0.00
2000-1-1 2:56:19	1860236	0.00	1860141	0.00	0.00
2000-1-1 2:56:19	1860324	0.00	1860226	0.00	0.00
2000-1-1 2:56:20	1860411	0.00	1860313	0.00	0.00
2000-1-1 2:56:20	1860499	0.00	1860400	0.00	0.00
2000-1-1 2:56:20	1860585	0.00	1860488	0.00	0.00
2000-1-1 2:56:20	1860672	0.00	1860574	0.00	0.00
2000-1-1 2:56:20	1860757	0.00	1860661	0.00	0.00
2000-1-1 2:56:20	1860842	0.00	1860747	0.00	0.00
2000-1-1 2:56:20	1860927	0.00	1860831	0.00	0.00
2000-1-1 2:56:20	1861015	0.00	1860917	0.00	0.00
2000-1-1 2:56:20	1861100	0.00	1861004	0.00	0.00
2000-1-1 2:56:20	1861185	0.00	1861090	0.00	0.00
2000-1-1 2:56:20	1861271	0.00	1861174	0.00	0.00
2000-1-1 2:56:20	1861361	0.00	1861260	0.00	0.00
2000-1-1 2:56:21	1861447	0.00	1861347	0.00	0.00
2000-1-1 2:56:21	1861533	0.00	1861436	0.00	0.00
2000-1-1 2:56:21	1861619	0.00	1861522	0.00	0.00
2000-1-1 2:56:21	1861704	0.00	1861608	0.00	0.00
2000-1-1 2:56:21	1861790	0.00	1861694	0.00	0.00
2000-1-1 2:56:21	1861876	0.00	1861779	0.00	0.00
2000-1-1 2:56:21	1861961	0.00	1861865	0.00	0.00
2000-1-1 2:56:21	1862047	0.00	1861951	0.00	0.00
2000-1-1 2:56:21	1862133	0.00	1862037	0.00	0.00
2000-1-1 2:56:21	1862219	0.00	1862122	0.00	0.00
2000-1-1 2:56:21	1862308	0.00	1862208	0.00	0.00
2000-1-1 2:56:22	1862394	0.00	1862298	0.00	0.00
2000-1-1 2:56:22	1862481	0.00	1862383	0.00	0.00
2000-1-1 2:56:22	1862567	0.00	1862471	0.00	0.00
2000-1-1 2:56:22	1862652	0.00	1862557	0.00	0.00
2000-1-1 2:56:22	1862738	0.00	1862641	0.00	0.00
2000-1-1 2:56:22	1862825	0.00	1862727	0.00	0.00
2000-1-1 2:56:22	1862910	0.00	1862814	0.00	0.00
2000-1-1 2:56:22	1862995	0.00	1862900	0.00	0.00
2000-1-1 2:56:22	1863081	0.00	1862984	0.00	0.00
2000-1-1 2:56:22	1863173	0.00	1863070	0.00	0.00
2000-1-1 2:56:22	1863258	0.00	1863162	0.00	0.00
2000-1-1 2:56:22	1863343	0.00	1863246	0.00	0.00
2000-1-1 2:56:23	1863430	0.00	1863331	0.00	0.00
2000-1-1 2:56:23	1863517	0.00	1863418	0.00	0.00
2000-1-1 2:56:23	1863601	0.00	1863505	0.00	0.00
2000-1-1 2:56:23	1863686	0.00	1863590	0.00	0.00
2000-1-1 2:56:23	1863773	0.00	1863674	0.00	0.00
2000-1-1 2:56:23	1863860	0.00	1863762	0.00	0.00
2000-1-1 2:56:23	1863945	0.00	1863849	0.00	0.00
2000-1-1 2:56:23	1864029	0.00	1863933	0.00	0.00
2000-1-1 2:56:23	1864121	0.00	1864018	0.00	0.00
2000-1-1 2:56:23	1864207	0.00	1864111	0.00	0.00
2000-1-1 2:56:23	1864292	0.00	1864197	0.00	0.00
2000-1-1 2:56:23	1864378	0.00	1864281	0.00	0.00
2000-1-1 2:56:24	1864465	0.00	1864367	0.00	0.00
2000-1-1 2:56:24	1864551	0.00	1864454	0.00	0.00
2000-1-1 2:56:24	1864635	0.00	1864540	0.00	0.00
2000-1-1 2:56:24	1864721	0.00	1864625	0.00	0.00
2000-1-1 2:56:24	1864809	0.00	1864711	0.00	0.00
2000-1-1 2:56:24	1864894	0.00	1864798	0.00	0.00
2000-1-1 2:56:24	1864984	0.00	1864884	0.00	0.00
2000-1-1 2:56:24	1865069	0.00	1864973	0.00	0.00
2000-1-1 2:56:24	1865155	0.00	1865059	0.00	0.00
2000-1-1 2:56:24	1865241	0.00	1865145	0.00	0.00
2000-1-1 2:56:24	1865327	0.00	1865231	0.00	0.00
2000-1-1 2:56:25	1865413	0.00	1865316	0.00	0.00
2000-1-1 2:56:25	1865499	0.00	1865402	0.00	0.00
2000-1-1 2:56:25	1865584	0.00	1865488	0.00	0.00
2000-1-1 2:56:25	1865670	0.00	1865574	0.00	0.00
2000-1-1 2:56:25	1865756	0.00	1865660	0.00	0.00
2000-1-1 2:56:25	1865845	0.00	1865745	0.00	0.00
2000-1-1 2:56:25	1865933	0.00	1865831	0.00	0.00
2000-1-1 2:56:25	1866020	0.00	1865923	0.00	0.00
2000-1-1 2:56:25	1866104	0.00	1866009	0.00	0.00
2000-1-1 2:56:25	1866190	0.00	1866094	0.00	0.00
2000-1-1 2:56:25	1866278	0.00	1866180	0.00	0.00
2000-1-1 2:56:25	1866364	0.00	1866267	0.00	0.00
2000-1-1 2:56:26	1866449	0.00	1866354	0.00	0.00
2000-1-1 2:56:26	1866535	0.00	1866438	0.00	0.00
2000-1-1 2:56:26	1866622	0.00	1866524	0.00	0.00
2000-1-1 2:56:26	1866708	0.00	1866611	0.00	0.00
2000-1-1 2:56:26	1867124	0.00	1866697	0.00	0.00
2000-1-1 2:56:26	1867209	0.00	1867114	0.00	0.00
2000-1-1 2:56:26	1867293	0.00	1867198	0.00	0.00
2000-1-1 2:56:27	1867378	0.00	1867283	0.00	0.00
2000-1-1 2:56:27	1867465	0.00	1867367	0.00	0.00
2000-1-1 2:56:27	1867552	0.00	1867455	0.00	0.00
2000-1-1 2:56:27	1867636	0.00	1867541	0.00	0.00
2000-1-1 2:56:27	1867721	0.00	1867626	0.00	0.00
2000-1-1 2:56:27	1867808	0.00	1867710	0.00	0.00
2000-1-1 2:56:27	1867895	0.00	1867798	0.00	0.00
2000-1-1 2:56:27	1867983	0.00	1867885	0.00	0.00
2000-1-1 2:56:27	1868069	0.00	1867969	0.00	0.00
2000-1-1 2:56:27	1868156	0.00	1868059	0.00	0.00
2000-1-1 2:56:27	1868242	0.00	1868146	0.00	0.00
2000-1-1 2:56:27	1868327	0.00	1868232	0.00	0.00
2000-1-1 2:56:28	1868412	0.00	1868316	0.00	0.00
2000-1-1 2:56:28	1868499	0.00	1868402	0.00	0.00
2000-1-1 2:56:28	1868585	0.00	1868488	0.00	0.00
2000-1-1 2:56:28	1868669	0.00	1868574	0.00	0.00
2000-1-1 2:56:28	1868755	0.00	1868659	0.00	0.00
2000-1-1 2:56:28	1868843	0.00	1868745	0.00	0.00
2000-1-1 2:56:28	1868932	0.00	1868832	0.00	0.00
2000-1-1 2:56:28	1869018	0.00	1868921	0.00	0.00
2000-1-1 2:56:28	1869104	0.00	1869006	0.00	0.00
2000-1-1 2:56:28	1869190	0.00	1869092	0.00	0.00
2000-1-1 2:56:28	1869275	0.00	1869178	0.00	0.00
2000-1-1 2:56:28	1869361	0.00	1869264	0.00	0.00
2000-1-1 2:56:29	1869447	0.00	1869349	0.00	0.00
2000-1-1 2:56:29	1869532	0.00	1869435	0.00	0.00
2000-1-1 2:56:29	1869618	0.00	1869521	0.00	0.00
2000-1-1 2:56:29	1869704	0.00	1869606	0.00	0.00
2000-1-1 2:56:29	1869793	0.00	1869692	0.00	0.00
2000-1-1 2:56:29	1869879	0.00	1869778	0.00	0.00
2000-1-1 2:56:29	1869966	0.00	1869868	0.00	0.00
2000-1-1 2:56:29	1870053	0.00	1869956	0.00	0.00
2000-1-1 2:56:29	1870137	0.00	1870042	0.00	0.00
2000-1-1 2:56:29	1870223	0.00	1870127	0.00	0.00
2000-1-1 2:56:29	1870310	0.00	1870212	0.00	0.00
2000-1-1 2:56:30	1870395	0.00	1870299	0.00	0.00
2000-1-1 2:56:30	1870480	0.00	1870385	0.00	0.00
2000-1-1 2:56:30	1870566	0.00	1870469	0.00	0.00
2000-1-1 2:56:30	1870653	0.00	1870555	0.00	0.00
2000-1-1 2:56:30	1870742	0.00	1870642	0.00	0.00
2000-1-1 2:56:30	1870827	0.00	1870732	0.00	0.00
2000-1-1 2:56:30	1870913	0.00	1870816	0.00	0.00
2000-1-1 2:56:30	1871000	0.00	1870903	0.00	0.00
2000-1-1 2:56:30	1871085	0.00	1870990	0.00	0.00
2000-1-1 2:56:30	1871169	0.00	1871074	0.00	0.00
2000-1-1 2:56:30	1871257	0.00	1871159	0.00	0.00
2000-1-1 2:56:30	1871344	0.00	1871246	0.00	0.00
2000-1-1 2:56:31	1871428	0.00	1871333	0.00	0.00
2000-1-1 2:56:31	1871513	0.00	1871418	0.00	0.00
2000-1-1 2:56:31	1871605	0.00	1871502	0.00	0.00
2000-1-1 2:56:31	1871691	0.00	1871594	0.00	0.00
2000-1-1 2:56:31	1871775	0.00	1871680	0.00	0.00
2000-1-1 2:56:31	1871861	0.00	1871765	0.00	0.00
2000-1-1 2:56:31	1871948	0.00	1871851	0.00	0.00
2000-1-1 2:56:31	1872034	0.00	1871938	0.00	0.00
2000-1-1 2:56:31	1872119	0.00	1872024	0.00	0.00
2000-1-1 2:56:31	1872205	0.00	1872108	0.00	0.00
2000-1-1 2:56:31	1872292	0.00	1872194	0.00	0.00
2000-1-1 2:56:32	1872378	0.00	1872282	0.00	0.00
2000-1-1 2:56:32	1872462	0.00	1872367	0.00	0.00
2000-1-1 2:56:32	1872553	0.00	1872452	0.00	0.00
2000-1-1 2:56:32	1872640	0.00	1872542	0.00	0.00
2000-1-1 2:56:32	1872726	0.00	1872628	0.00	0.00
2000-1-1 2:56:32	1872812	0.00	1872714	0.00	0.00
2000-1-1 2:56:32	1872897	0.00	1872800	0.00	0.00
2000-1-1 2:56:32	1872983	0.00	1872886	0.00	0.00
2000-1-1 2:56:32	1873069	0.00	1872972	0.00	0.00
2000-1-1 2:56:32	1873155	0.00	1873058	0.00	0.00
2000-1-1 2:56:32	1873241	0.00	1873144	0.00	0.00
2000-1-1 2:56:32	1873327	0.00	1873229	0.00	0.00
2000-1-1 2:56:33	1873418	0.00	1873315	0.00	0.00
2000-1-1 2:56:33	1873504	0.00	1873406	0.00	0.00
2000-1-1 2:56:33	1873589	0.00	1873492	0.00	0.00
2000-1-1 2:56:33	1873674	0.00	1873577	0.00	0.00
2000-1-1 2:56:33	1873762	0.00	1873664	0.00	0.00
2000-1-1 2:56:33	1873849	0.00	1873752	0.00	0.00
2000-1-1 2:56:33	1873933	0.00	1873838	0.00	0.00
2000-1-1 2:56:33	1874019	0.00	1873923	0.00	0.00
2000-1-1 2:56:33	1874106	0.00	1874009	0.00	0.00
2000-1-1 2:56:33	1874192	0.00	1874096	0.00	0.00
2000-1-1 2:56:33	1874534	0.00	1874182	0.00	0.00
2000-1-1 2:56:34	1874694	0.00	1874266	0.00	0.00
2000-1-1 2:56:34	1874778	0.00	1874682	0.00	0.00
2000-1-1 2:56:34	1874863	0.00	1874766	0.00	0.00
2000-1-1 2:56:34	1874947	0.00	1874851	0.00	0.00
2000-1-1 2:56:34	1875034	0.00	1874936	0.00	0.00
2000-1-1 2:56:34	1875121	0.00	1875023	0.00	0.00
2000-1-1 2:56:34	1875206	0.00	1875109	0.00	0.00
2000-1-1 2:56:34	1875290	0.00	1875194	0.00	0.00
2000-1-1 2:56:35	1875377	0.00	1875279	0.00	0.00
2000-1-1 2:56:35	1875464	0.00	1875366	0.00	0.00
2000-1-1 2:56:35	1875552	0.00	1875453	0.00	0.00
2000-1-1 2:56:35	1875638	0.00	1875542	0.00	0.00
2000-1-1 2:56:35	1875726	0.00	1875628	0.00	0.00
2000-1-1 2:56:35	1875811	0.00	1875715	0.00	0.00
2000-1-1 2:56:35	1875896	0.00	1875801	0.00	0.00
2000-1-1 2:56:35	1875981	0.00	1875885	0.00	0.00
2000-1-1 2:56:35	1876069	0.00	1875971	0.00	0.00
2000-1-1 2:56:35	1876154	0.00	1876058	0.00	0.00
2000-1-1 2:56:35	1876239	0.00	1876144	0.00	0.00
2000-1-1 2:56:35	1876325	0.00	1876228	0.00	0.00
2000-1-1 2:56:36	1876415	0.00	1876314	0.00	0.00
2000-1-1 2:56:36	1876501	0.00	1876401	0.00	0.00
2000-1-1 2:56:36	1876587	0.00	1876490	0.00	0.00
2000-1-1 2:56:36	1876673	0.00	1876576	0.00	0.00
2000-1-1 2:56:36	1876759	0.00	1876662	0.00	0.00
2000-1-1 2:56:36	1876844	0.00	1876748	0.00	0.00
2000-1-1 2:56:36	1876930	0.00	1876834	0.00	0.00
2000-1-1 2:56:36	1877016	0.00	1876919	0.00	0.00
2000-1-1 2:56:36	1877101	0.00	1877005	0.00	0.00
2000-1-1 2:56:36	1877187	0.00	1877091	0.00	0.00
2000-1-1 2:56:36	1877273	0.00	1877177	0.00	0.00
2000-1-1 2:56:36	1877362	0.00	1877262	0.00	0.00
2000-1-1 2:56:37	1877448	0.00	1877352	0.00	0.00
2000-1-1 2:56:37	1877536	0.00	1877437	0.00	0.00
2000-1-1 2:56:37	1877622	0.00	1877525	0.00	0.00
2000-1-1 2:56:37	1877706	0.00	1877611	0.00	0.00
2000-1-1 2:56:37	1877792	0.00	1877696	0.00	0.00
2000-1-1 2:56:37	1877879	0.00	1877781	0.00	0.00
2000-1-1 2:56:37	1877965	0.00	1877868	0.00	0.00
2000-1-1 2:56:37	1878050	0.00	1877954	0.00	0.00
2000-1-1 2:56:37	1878135	0.00	1878039	0.00	0.00
2000-1-1 2:56:37	1878227	0.00	1878125	0.00	0.00
2000-1-1 2:56:37	1878312	0.00	1878212	0.00	0.00
2000-1-1 2:56:38	1878396	0.00	1878301	0.00	0.00
2000-1-1 2:56:38	1878484	0.00	1878386	0.00	0.00
2000-1-1 2:56:38	1878571	0.00	1878473	0.00	0.00
2000-1-1 2:56:38	1878656	0.00	1878560	0.00	0.00
2000-1-1 2:56:38	1878740	0.00	1878644	0.00	0.00
2000-1-1 2:56:38	1878828	0.00	1878729	0.00	0.00
2000-1-1 2:56:38	1878915	0.00	1878816	0.00	0.00
2000-1-1 2:56:38	1879000	0.00	1878903	0.00	0.00
2000-1-1 2:56:38	1879084	0.00	1878988	0.00	0.00
2000-1-1 2:56:38	1879176	0.00	1879073	0.00	0.00
2000-1-1 2:56:38	1879262	0.00	1879164	0.00	0.00
2000-1-1 2:56:38	1879346	0.00	1879250	0.00	0.00
2000-1-1 2:56:39	1879432	0.00	1879335	0.00	0.00
2000-1-1 2:56:39	1879519	0.00	1879420	0.00	0.00
2000-1-1 2:56:39	1879605	0.00	1879507	0.00	0.00
2000-1-1 2:56:39	1879689	0.00	1879593	0.00	0.00
2000-1-1 2:56:39	1879775	0.00	1879678	0.00	0.00
2000-1-1 2:56:39	1879863	0.00	1879764	0.00	0.00
2000-1-1 2:56:39	1879948	0.00	1879852	0.00	0.00
2000-1-1 2:56:39	1880038	0.00	1879938	0.00	0.00
2000-1-1 2:56:39	1880123	0.00	1880022	0.00	0.00
2000-1-1 2:56:39	1880209	0.00	1880113	0.00	0.00
2000-1-1 2:56:39	1880295	0.00	1880199	0.00	0.00
2000-1-1 2:56:40	1880381	0.00	1880284	0.00	0.00
2000-1-1 2:56:40	1880467	0.00	1880370	0.00	0.00
2000-1-1 2:56:40	1880553	0.00	1880456	0.00	0.00
2000-1-1 2:56:40	1880638	0.00	1880542	0.00	0.00
2000-1-1 2:56:40	1880724	0.00	1880628	0.00	0.00
2000-1-1 2:56:40	1880810	0.00	1880714	0.00	0.00
2000-1-1 2:56:40	1880896	0.00	1880800	0.00	0.00
2000-1-1 2:56:40	1880987	0.00	1880886	0.00	0.00
2000-1-1 2:56:40	1881074	0.00	1880977	0.00	0.00
2000-1-1 2:56:40	1881158	0.00	1881063	0.00	0.00
2000-1-1 2:56:40	1881244	0.00	1881148	0.00	0.00
2000-1-1 2:56:40	1881332	0.00	1881234	0.00	0.00
2000-1-1 2:56:41	1881418	0.00	1881322	0.00	0.00
2000-1-1 2:56:41	1881503	0.00	1881408	0.00	0.00
2000-1-1 2:56:41	1881589	0.00	1881493	0.00	0.00
2000-1-1 2:56:41	1881676	0.00	1881578	0.00	0.00
2000-1-1 2:56:41	1881762	0.00	1881665	0.00	0.00
2000-1-1 2:56:41	1882178	0.00	1881751	0.00	0.00
2000-1-1 2:56:41	1882263	0.00	1882168	0.00	0.00
2000-1-1 2:56:41	1882348	0.00	1882252	0.00	0.00
2000-1-1 2:56:42	1882432	0.00	1882337	0.00	0.00
2000-1-1 2:56:42	1882519	0.00	1882421	0.00	0.00
2000-1-1 2:56:42	1882605	0.00	1882508	0.00	0.00
2000-1-1 2:56:42	1882690	0.00	1882595	0.00	0.00
2000-1-1 2:56:42	1882774	0.00	1882679	0.00	0.00
2000-1-1 2:56:42	1882862	0.00	1882764	0.00	0.00
2000-1-1 2:56:42	1882949	0.00	1882851	0.00	0.00
2000-1-1 2:56:42	1883033	0.00	1882938	0.00	0.00
2000-1-1 2:56:42	1883123	0.00	1883023	0.00	0.00
2000-1-1 2:56:42	1883210	0.00	1883112	0.00	0.00
2000-1-1 2:56:42	1883295	0.00	1883199	0.00	0.00
2000-1-1 2:56:43	1883380	0.00	1883285	0.00	0.00
2000-1-1 2:56:43	1883466	0.00	1883369	0.00	0.00
2000-1-1 2:56:43	1883553	0.00	1883455	0.00	0.00
2000-1-1 2:56:43	1883638	0.00	1883542	0.00	0.00
2000-1-1 2:56:43	1883723	0.00	1883628	0.00	0.00
2000-1-1 2:56:43	1883809	0.00	1883712	0.00	0.00
2000-1-1 2:56:43	1883896	0.00	1883798	0.00	0.00
2000-1-1 2:56:43	1883985	0.00	1883885	0.00	0.00
2000-1-1 2:56:43	1884071	0.00	1883974	0.00	0.00
2000-1-1 2:56:43	1884157	0.00	1884060	0.00	0.00
2000-1-1 2:56:43	1884242	0.00	1884146	0.00	0.00
2000-1-1 2:56:43	1884328	0.00	1884232	0.00	0.00
2000-1-1 2:56:44	1884414	0.00	1884317	0.00	0.00
2000-1-1 2:56:44	1884499	0.00	1884403	0.00	0.00
2000-1-1 2:56:44	1884585	0.00	1884489	0.00	0.00
2000-1-1 2:56:44	1884672	0.00	1884575	0.00	0.00
2000-1-1 2:56:44	1884758	0.00	1884660	0.00	0.00
2000-1-1 2:56:44	1884847	0.00	1884746	0.00	0.00
2000-1-1 2:56:44	1884933	0.00	1884832	0.00	0.00
2000-1-1 2:56:44	1885020	0.00	1884921	0.00	0.00
2000-1-1 2:56:44	1885106	0.00	1885009	0.00	0.00
2000-1-1 2:56:44	1885191	0.00	1885095	0.00	0.00
2000-1-1 2:56:44	1885277	0.00	1885180	0.00	0.00
2000-1-1 2:56:44	1885364	0.00	1885265	0.00	0.00
2000-1-1 2:56:45	1885449	0.00	1885352	0.00	0.00
2000-1-1 2:56:45	1885534	0.00	1885438	0.00	0.00
2000-1-1 2:56:45	1885620	0.00	1885522	0.00	0.00
2000-1-1 2:56:45	1885707	0.00	1885608	0.00	0.00
2000-1-1 2:56:45	1885796	0.00	1885696	0.00	0.00
2000-1-1 2:56:45	1885881	0.00	1885785	0.00	0.00
2000-1-1 2:56:45	1885968	0.00	1885870	0.00	0.00
2000-1-1 2:56:45	1886055	0.00	1885957	0.00	0.00
2000-1-1 2:56:45	1886139	0.00	1886044	0.00	0.00
2000-1-1 2:56:45	1886224	0.00	1886129	0.00	0.00
2000-1-1 2:56:45	1886311	0.00	1886213	0.00	0.00
2000-1-1 2:56:46	1886398	0.00	1886301	0.00	0.00
2000-1-1 2:56:46	1886483	0.00	1886387	0.00	0.00
2000-1-1 2:56:46	1886567	0.00	1886472	0.00	0.00
2000-1-1 2:56:46	1886659	0.00	1886557	0.00	0.00
2000-1-1 2:56:46	1886745	0.00	1886644	0.00	0.00
2000-1-1 2:56:46	1886830	0.00	1886734	0.00	0.00
2000-1-1 2:56:46	1886916	0.00	1886819	0.00	0.00
2000-1-1 2:56:46	1887003	0.00	1886905	0.00	0.00
2000-1-1 2:56:46	1887088	0.00	1886992	0.00	0.00
2000-1-1 2:56:46	1887173	0.00	1887078	0.00	0.00
2000-1-1 2:56:46	1887259	0.00	1887162	0.00	0.00
2000-1-1 2:56:46	1887346	0.00	1887248	0.00	0.00
2000-1-1 2:56:47	1887432	0.00	1887335	0.00	0.00
2000-1-1 2:56:47	1887516	0.00	1887421	0.00	0.00
2000-1-1 2:56:47	1887607	0.00	1887506	0.00	0.00
2000-1-1 2:56:47	1887693	0.00	1887596	0.00	0.00
2000-1-1 2:56:47	1887778	0.00	1887682	0.00	0.00
2000-1-1 2:56:47	1887864	0.00	1887768	0.00	0.00
2000-1-1 2:56:47	1887950	0.00	1887854	0.00	0.00
2000-1-1 2:56:47	1888036	0.00	1887940	0.00	0.00
2000-1-1 2:56:47	1888122	0.00	1888026	0.00	0.00
2000-1-1 2:56:47	1888208	0.00	1888111	0.00	0.00
2000-1-1 2:56:47	1888294	0.00	1888197	0.00	0.00
2000-1-1 2:56:48	1888380	0.00	1888283	0.00	0.00
2000-1-1 2:56:48	1888471	0.00	1888369	0.00	0.00
2000-1-1 2:56:48	1888558	0.00	1888455	0.00	0.00
2000-1-1 2:56:48	1888642	0.00	1888546	0.00	0.00
2000-1-1 2:56:48	1888728	0.00	1888630	0.00	0.00
2000-1-1 2:56:48	1888816	0.00	1888716	0.00	0.00
2000-1-1 2:56:48	1888902	0.00	1888804	0.00	0.00
2000-1-1 2:56:48	1888987	0.00	1888891	0.00	0.00
2000-1-1 2:56:48	1889073	0.00	1888975	0.00	0.00
2000-1-1 2:56:48	1889160	0.00	1889061	0.00	0.00
2000-1-1 2:56:48	1889246	0.00	1889148	0.00	0.00
2000-1-1 2:56:48	1889330	0.00	1889234	0.00	0.00
2000-1-1 2:56:49	1889750	0.00	1889319	0.00	0.00
2000-1-1 2:56:49	1889833	0.00	1889738	0.00	0.00
2000-1-1 2:56:49	1889918	0.00	1889823	0.00	0.00
2000-1-1 2:56:49	1890003	0.00	1889907	0.00	0.00
2000-1-1 2:56:49	1890091	0.00	1889992	0.00	0.00
2000-1-1 2:56:49	1890177	0.00	1890079	0.00	0.00
2000-1-1 2:56:49	1890262	0.00	1890166	0.00	0.00
2000-1-1 2:56:49	1890347	0.00	1890250	0.00	0.00
2000-1-1 2:56:50	1890434	0.00	1890335	0.00	0.00
2000-1-1 2:56:50	1890521	0.00	1890422	0.00	0.00
2000-1-1 2:56:50	1890609	0.00	1890510	0.00	0.00
2000-1-1 2:56:50	1890695	0.00	1890598	0.00	0.00
2000-1-1 2:56:50	1890783	0.00	1890684	0.00	0.00
2000-1-1 2:56:50	1890868	0.00	1890771	0.00	0.00
2000-1-1 2:56:50	1890953	0.00	1890857	0.00	0.00
2000-1-1 2:56:50	1891038	0.00	1890941	0.00	0.00
2000-1-1 2:56:50	1891126	0.00	1891027	0.00	0.00
2000-1-1 2:56:50	1891212	0.00	1891115	0.00	0.00
2000-1-1 2:56:50	1891296	0.00	1891201	0.00	0.00
2000-1-1 2:56:51	1891382	0.00	1891286	0.00	0.00
2000-1-1 2:56:51	1891469	0.00	1891372	0.00	0.00
2000-1-1 2:56:51	1891559	0.00	1891459	0.00	0.00
2000-1-1 2:56:51	1891645	0.00	1891548	0.00	0.00
2000-1-1 2:56:51	1891731	0.00	1891634	0.00	0.00
2000-1-1 2:56:51	1891817	0.00	1891720	0.00	0.00
2000-1-1 2:56:51	1891902	0.00	1891806	0.00	0.00
2000-1-1 2:56:51	1891988	0.00	1891892	0.00	0.00
2000-1-1 2:56:51	1892074	0.00	1891978	0.00	0.00
2000-1-1 2:56:51	1892160	0.00	1892063	0.00	0.00
2000-1-1 2:56:51	1892246	0.00	1892149	0.00	0.00
2000-1-1 2:56:51	1892332	0.00	1892235	0.00	0.00
2000-1-1 2:56:52	1892421	0.00	1892321	0.00	0.00
2000-1-1 2:56:52	1892507	0.00	1892411	0.00	0.00
2000-1-1 2:56:52	1892595	0.00	1892497	0.00	0.00
2000-1-1 2:56:52	1892681	0.00	1892584	0.00	0.00
2000-1-1 2:56:52	1892766	0.00	1892671	0.00	0.00
2000-1-1 2:56:52	1892852	0.00	1892755	0.00	0.00
2000-1-1 2:56:52	1892939	0.00	1892841	0.00	0.00
2000-1-1 2:56:52	1893025	0.00	1892929	0.00	0.00
2000-1-1 2:56:52	1893110	0.00	1893014	0.00	0.00
2000-1-1 2:56:52	1893196	0.00	1893099	0.00	0.00
2000-1-1 2:56:52	1893288	0.00	1893185	0.00	0.00
2000-1-1 2:56:53	1893373	0.00	1893272	0.00	0.00
2000-1-1 2:56:53	1893457	0.00	1893362	0.00	0.00
2000-1-1 2:56:53	1893544	0.00	1893446	0.00	0.00
2000-1-1 2:56:53	1893632	0.00	1893534	0.00	0.00
2000-1-1 2:56:53	1893716	0.00	1893621	0.00	0.00
2000-1-1 2:56:53	1893801	0.00	1893705	0.00	0.00
2000-1-1 2:56:53	1893889	0.00	1893790	0.00	0.00
2000-1-1 2:56:53	1893976	0.00	1893877	0.00	0.00
2000-1-1 2:56:53	1894061	0.00	1893965	0.00	0.00
2000-1-1 2:56:53	1894146	0.00	1894049	0.00	0.00
2000-1-1 2:56:53	1894238	0.00	1894134	0.00	0.00
2000-1-1 2:56:53	1894324	0.00	1894226	0.00	0.00
2000-1-1 2:56:54	1894408	0.00	1894312	0.00	0.00
2000-1-1 2:56:54	1894495	0.00	1894397	0.00	0.00
2000-1-1 2:56:54	1894582	0.00	1894483	0.00	0.00
2000-1-1 2:56:54	1894668	0.00	1894571	0.00	0.00
2000-1-1 2:56:54	1894752	0.00	1894657	0.00	0.00
2000-1-1 2:56:54	1894839	0.00	1894742	0.00	0.00
2000-1-1 2:56:54	1894926	0.00	1894828	0.00	0.00
2000-1-1 2:56:54	1895012	0.00	1894915	0.00	0.00
2000-1-1 2:56:54	1895101	0.00	1895001	0.00	0.00
2000-1-1 2:56:54	1895187	0.00	1895086	0.00	0.00
2000-1-1 2:56:54	1895273	0.00	1895177	0.00	0.00
2000-1-1 2:56:54	1895359	0.00	1895263	0.00	0.00
2000-1-1 2:56:55	1895445	0.00	1895349	0.00	0.00
2000-1-1 2:56:55	1895531	0.00	1895435	0.00	0.00
2000-1-1 2:56:55	1895617	0.00	1895521	0.00	0.00
2000-1-1 2:56:55	1895703	0.00	1895607	0.00	0.00
2000-1-1 2:56:55	1895789	0.00	1895693	0.00	0.00
2000-1-1 2:56:55	1895875	0.00	1895779	0.00	0.00
2000-1-1 2:56:55	1895961	0.00	1895865	0.00	0.00
2000-1-1 2:56:55	1896052	0.00	1895950	0.00	0.00
2000-1-1 2:56:55	1896139	0.00	1896042	0.00	0.00
2000-1-1 2:56:55	1896224	0.00	1896128	0.00	0.00
2000-1-1 2:56:55	1896310	0.00	1896213	0.00	0.00
2000-1-1 2:56:56	1896398	0.00	1896299	0.00	0.00
2000-1-1 2:56:56	1896484	0.00	1896387	0.00	0.00
