2000-1-1 0:16:3	6016	0.00	0	nan	0.00
2000-1-1 0:16:3	6172	0.00	5606	0.00	0.00
2000-1-1 0:16:3	6253	0.00	6164	0.00	0.00
2000-1-1 0:16:3	6335	0.00	6246	0.00	0.00
2000-1-1 0:16:3	6417	0.00	6327	0.00	0.00
2000-1-1 0:16:4	6501	0.00	6409	0.00	0.00
2000-1-1 0:16:4	6584	0.00	6493	0.00	0.00
2000-1-1 0:16:4	6666	0.00	6576	0.00	0.00
2000-1-1 0:16:5	8210	0.00	6658	0.00	0.00
2000-1-1 0:16:5	8293	0.00	8202	0.00	0.00
2000-1-1 0:16:5	8377	0.00	8285	0.00	0.00
2000-1-1 0:16:5	8459	0.00	8369	0.00	0.00
2000-1-1 0:16:6	8545	0.00	8451	0.00	0.00
2000-1-1 0:16:6	8629	0.00	8531	0.00	0.00
2000-1-1 0:16:6	8712	0.00	8621	0.00	0.00
2000-1-1 0:16:6	8793	0.00	8704	0.00	0.00
2000-1-1 0:16:6	8876	0.00	8784	0.00	0.00
2000-1-1 0:16:9	11760	0.00	8867	0.00	0.00
2000-1-1 0:16:9	11842	0.00	11752	0.00	0.00
2000-1-1 0:16:9	11924	0.00	11834	0.00	0.00
2000-1-1 0:16:9	12007	0.00	11916	0.00	0.00
2000-1-1 0:16:9	12091	0.00	11999	0.00	0.00
2000-1-1 0:16:9	12174	0.00	12083	0.00	0.00
2000-1-1 0:16:9	12256	0.00	12166	0.00	0.00
2000-1-1 0:16:9	12344	0.00	12248	0.00	0.00
2000-1-1 0:16:9	12427	0.00	12331	0.00	0.00
2000-1-1 0:16:10	12510	0.00	12419	0.00	0.00
2000-1-1 0:16:10	12593	0.00	12502	0.00	0.00
2000-1-1 0:16:10	12676	0.00	12584	0.00	0.00
2000-1-1 0:16:10	12759	0.00	12667	0.00	0.00
2000-1-1 0:16:10	12840	0.00	12750	0.00	0.00
2000-1-1 0:16:10	12924	0.00	12832	0.00	0.00
2000-1-1 0:16:10	13006	0.00	12916	0.00	0.00
2000-1-1 0:16:10	13089	0.00	12999	0.00	0.00
2000-1-1 0:16:10	13172	0.00	13082	0.00	0.00
2000-1-1 0:16:10	13256	0.00	13164	0.00	0.00
2000-1-1 0:16:10	13342	0.00	13248	0.00	0.00
2000-1-1 0:16:10	13425	0.00	13334	0.00	0.00
2000-1-1 0:16:11	13510	0.00	13417	0.00	0.00
2000-1-1 0:16:11	13593	0.00	13502	0.00	0.00
2000-1-1 0:16:11	13675	0.00	13585	0.00	0.00
2000-1-1 0:16:11	13758	0.00	13667	0.00	0.00
2000-1-1 0:16:11	13842	0.00	13750	0.00	0.00
2000-1-1 0:16:11	13925	0.00	13834	0.00	0.00
2000-1-1 0:16:11	14007	0.00	13917	0.00	0.00
2000-1-1 0:16:11	14090	0.00	13999	0.00	0.00
2000-1-1 0:16:11	14174	0.00	14082	0.00	0.00
2000-1-1 0:16:11	14260	0.00	14166	0.00	0.00
2000-1-1 0:16:11	14342	0.00	14252	0.00	0.00
2000-1-1 0:16:11	14426	0.00	14333	0.00	0.00
2000-1-1 0:16:12	14510	0.00	14417	0.00	0.00
2000-1-1 0:16:12	14592	0.00	14501	0.00	0.00
2000-1-1 0:16:12	14673	0.00	14583	0.00	0.00
2000-1-1 0:16:12	14757	0.00	14665	0.00	0.00
2000-1-1 0:16:12	14841	0.00	14749	0.00	0.00
2000-1-1 0:16:12	14923	0.00	14833	0.00	0.00
2000-1-1 0:16:12	15005	0.00	14915	0.00	0.00
2000-1-1 0:16:12	15089	0.00	14997	0.00	0.00
2000-1-1 0:16:12	15177	0.00	15081	0.00	0.00
2000-1-1 0:16:12	15258	0.00	15165	0.00	0.00
2000-1-1 0:16:12	15342	0.00	15251	0.00	0.00
2000-1-1 0:16:12	15426	0.00	15334	0.00	0.00
2000-1-1 0:16:13	15509	0.00	15418	0.00	0.00
2000-1-1 0:16:13	15590	0.00	15501	0.00	0.00
2000-1-1 0:16:13	15674	0.00	15582	0.00	0.00
2000-1-1 0:16:13	15758	0.00	15666	0.00	0.00
2000-1-1 0:16:13	15841	0.00	15750	0.00	0.00
2000-1-1 0:16:13	15923	0.00	15833	0.00	0.00
2000-1-1 0:16:13	16006	0.00	15915	0.00	0.00
2000-1-1 0:16:13	16090	0.00	15997	0.00	0.00
2000-1-1 0:16:13	16176	0.00	16081	0.00	0.00
2000-1-1 0:16:13	16259	0.00	16167	0.00	0.00
2000-1-1 0:16:13	16342	0.00	16250	0.00	0.00
2000-1-1 0:16:13	16424	0.00	16333	0.00	0.00
2000-1-1 0:16:14	16507	0.00	16416	0.00	0.00
2000-1-1 0:16:14	16590	0.00	16499	0.00	0.00
2000-1-1 0:16:14	16673	0.00	16582	0.00	0.00
2000-1-1 0:16:14	16756	0.00	16665	0.00	0.00
2000-1-1 0:16:14	16839	0.00	16748	0.00	0.00
2000-1-1 0:16:14	16922	0.00	16831	0.00	0.00
2000-1-1 0:16:14	17005	0.00	16914	0.00	0.00
2000-1-1 0:16:14	17091	0.00	16997	0.00	0.00
2000-1-1 0:16:14	17176	0.00	17080	0.00	0.00
2000-1-1 0:16:14	17260	0.00	17168	0.00	0.00
2000-1-1 0:16:14	17342	0.00	17252	0.00	0.00
2000-1-1 0:16:14	17425	0.00	17334	0.00	0.00
2000-1-1 0:16:15	17510	0.00	17417	0.00	0.00
2000-1-1 0:16:15	17593	0.00	17502	0.00	0.00
2000-1-1 0:16:15	17675	0.00	17586	0.00	0.00
2000-1-1 0:16:15	17758	0.00	17667	0.00	0.00
2000-1-1 0:16:15	17842	0.00	17750	0.00	0.00
2000-1-1 0:16:15	17925	0.00	17833	0.00	0.00
2000-1-1 0:16:15	18006	0.00	17916	0.00	0.00
2000-1-1 0:16:15	18413	0.00	17997	0.00	0.00
2000-1-1 0:16:16	18497	0.00	18403	0.00	0.00
2000-1-1 0:16:16	18581	0.00	18487	0.00	0.00
2000-1-1 0:16:16	18665	0.00	18571	0.00	0.00
2000-1-1 0:16:16	18751	0.00	18655	0.00	0.00
2000-1-1 0:16:16	18837	0.00	18741	0.00	0.00
2000-1-1 0:16:16	18921	0.00	18827	0.00	0.00
2000-1-1 0:16:16	19005	0.00	18911	0.00	0.00
2000-1-1 0:16:16	19092	0.00	18995	0.00	0.00
2000-1-1 0:16:16	19178	0.00	19082	0.00	0.00
2000-1-1 0:16:16	19262	0.00	19168	0.00	0.00
2000-1-1 0:16:16	19350	0.00	19252	0.00	0.00
2000-1-1 0:16:16	19436	0.00	19340	0.00	0.00
2000-1-1 0:16:17	19521	0.00	19426	0.00	0.00
2000-1-1 0:16:17	19605	0.00	19511	0.00	0.00
2000-1-1 0:16:17	19691	0.00	19595	0.00	0.00
2000-1-1 0:16:17	19777	0.00	19681	0.00	0.00
2000-1-1 0:16:17	19862	0.00	19767	0.00	0.00
2000-1-1 0:16:17	19946	0.00	19852	0.00	0.00
2000-1-1 0:16:17	20031	0.00	19936	0.00	0.00
2000-1-1 0:16:17	20118	0.00	20021	0.00	0.00
2000-1-1 0:16:17	20203	0.00	20108	0.00	0.00
2000-1-1 0:16:17	20291	0.00	20193	0.00	0.00
2000-1-1 0:16:17	20376	0.00	20277	0.00	0.00
2000-1-1 0:16:17	20462	0.00	20366	0.00	0.00
2000-1-1 0:16:18	20547	0.00	20452	0.00	0.00
2000-1-1 0:16:18	20632	0.00	20537	0.00	0.00
2000-1-1 0:16:18	20717	0.00	20622	0.00	0.00
2000-1-1 0:16:18	20802	0.00	20707	0.00	0.00
2000-1-1 0:16:18	20887	0.00	20792	0.00	0.00
2000-1-1 0:16:18	20973	0.00	20877	0.00	0.00
2000-1-1 0:16:18	21058	0.00	20962	0.00	0.00
2000-1-1 0:16:18	21143	0.00	21048	0.00	0.00
2000-1-1 0:16:18	21228	0.00	21133	0.00	0.00
2000-1-1 0:16:18	21318	0.00	21218	0.00	0.00
2000-1-1 0:16:18	21402	0.00	21308	0.00	0.00
2000-1-1 0:16:19	21487	0.00	21392	0.00	0.00
2000-1-1 0:16:19	21574	0.00	21477	0.00	0.00
2000-1-1 0:16:19	21660	0.00	21564	0.00	0.00
2000-1-1 0:16:19	21744	0.00	21650	0.00	0.00
2000-1-1 0:16:19	21829	0.00	21733	0.00	0.00
2000-1-1 0:16:19	21915	0.00	21819	0.00	0.00
2000-1-1 0:16:19	22000	0.00	21905	0.00	0.00
2000-1-1 0:16:19	22084	0.00	21990	0.00	0.00
2000-1-1 0:16:19	22169	0.00	22074	0.00	0.00
2000-1-1 0:16:19	22260	0.00	22159	0.00	0.00
2000-1-1 0:16:19	22344	0.00	22250	0.00	0.00
2000-1-1 0:16:19	22428	0.00	22334	0.00	0.00
2000-1-1 0:16:20	22515	0.00	22418	0.00	0.00
2000-1-1 0:16:20	22601	0.00	22504	0.00	0.00
2000-1-1 0:16:20	22685	0.00	22591	0.00	0.00
2000-1-1 0:16:20	22769	0.00	22675	0.00	0.00
2000-1-1 0:16:20	22855	0.00	22759	0.00	0.00
2000-1-1 0:16:20	22941	0.00	22845	0.00	0.00
2000-1-1 0:16:20	23025	0.00	22931	0.00	0.00
2000-1-1 0:16:20	23109	0.00	23015	0.00	0.00
2000-1-1 0:16:20	23200	0.00	23099	0.00	0.00
2000-1-1 0:16:20	23285	0.00	23186	0.00	0.00
2000-1-1 0:16:20	23369	0.00	23275	0.00	0.00
2000-1-1 0:16:20	23454	0.00	23359	0.00	0.00
2000-1-1 0:16:21	23540	0.00	23444	0.00	0.00
2000-1-1 0:16:21	23625	0.00	23530	0.00	0.00
2000-1-1 0:16:21	23709	0.00	23615	0.00	0.00
2000-1-1 0:16:21	23795	0.00	23699	0.00	0.00
2000-1-1 0:16:21	23881	0.00	23785	0.00	0.00
2000-1-1 0:16:21	23966	0.00	23871	0.00	0.00
2000-1-1 0:16:21	24050	0.00	23956	0.00	0.00
2000-1-1 0:16:21	24135	0.00	24040	0.00	0.00
2000-1-1 0:16:21	24225	0.00	24125	0.00	0.00
2000-1-1 0:16:21	24310	0.00	24215	0.00	0.00
2000-1-1 0:16:21	24396	0.00	24300	0.00	0.00
2000-1-1 0:16:21	24481	0.00	24385	0.00	0.00
2000-1-1 0:16:22	24566	0.00	24471	0.00	0.00
2000-1-1 0:16:22	24651	0.00	24556	0.00	0.00
2000-1-1 0:16:22	24736	0.00	24641	0.00	0.00
2000-1-1 0:16:22	24821	0.00	24726	0.00	0.00
2000-1-1 0:16:22	24906	0.00	24811	0.00	0.00
2000-1-1 0:16:22	24991	0.00	24896	0.00	0.00
2000-1-1 0:16:22	25077	0.00	24981	0.00	0.00
2000-1-1 0:16:22	25165	0.00	25067	0.00	0.00
2000-1-1 0:16:22	25250	0.00	25152	0.00	0.00
2000-1-1 0:16:22	25337	0.00	25240	0.00	0.00
2000-1-1 0:16:22	25423	0.00	25327	0.00	0.00
2000-1-1 0:16:23	25507	0.00	25413	0.00	0.00
2000-1-1 0:16:23	25592	0.00	25497	0.00	0.00
2000-1-1 0:16:23	25679	0.00	25582	0.00	0.00
2000-1-1 0:16:23	25765	0.00	25669	0.00	0.00
2000-1-1 0:16:23	25848	0.00	25754	0.00	0.00
2000-1-1 0:16:23	25934	0.00	25838	0.00	0.00
2000-1-1 0:16:23	26020	0.00	25924	0.00	0.00
2000-1-1 0:16:23	26105	0.00	26010	0.00	0.00
2000-1-1 0:16:24	26511	0.00	26095	0.00	0.00
2000-1-1 0:16:24	26595	0.00	26501	0.00	0.00
2000-1-1 0:16:24	26679	0.00	26585	0.00	0.00
2000-1-1 0:16:24	26763	0.00	26669	0.00	0.00
2000-1-1 0:16:24	26849	0.00	26753	0.00	0.00
2000-1-1 0:16:24	26935	0.00	26839	0.00	0.00
2000-1-1 0:16:24	27019	0.00	26925	0.00	0.00
2000-1-1 0:16:24	27103	0.00	27009	0.00	0.00
2000-1-1 0:16:24	27189	0.00	27092	0.00	0.00
2000-1-1 0:16:24	27276	0.00	27179	0.00	0.00
2000-1-1 0:16:24	27360	0.00	27265	0.00	0.00
2000-1-1 0:16:24	27448	0.00	27348	0.00	0.00
2000-1-1 0:16:25	27535	0.00	27438	0.00	0.00
2000-1-1 0:16:25	27620	0.00	27524	0.00	0.00
2000-1-1 0:16:25	27703	0.00	27609	0.00	0.00
2000-1-1 0:16:25	27789	0.00	27693	0.00	0.00
2000-1-1 0:16:25	27875	0.00	27779	0.00	0.00
2000-1-1 0:16:25	27960	0.00	27865	0.00	0.00
2000-1-1 0:16:25	28044	0.00	27950	0.00	0.00
2000-1-1 0:16:25	28129	0.00	28034	0.00	0.00
2000-1-1 0:16:25	28216	0.00	28119	0.00	0.00
2000-1-1 0:16:25	28301	0.00	28205	0.00	0.00
2000-1-1 0:16:25	28389	0.00	28290	0.00	0.00
2000-1-1 0:16:25	28474	0.00	28374	0.00	0.00
2000-1-1 0:16:26	28559	0.00	28464	0.00	0.00
2000-1-1 0:16:26	28644	0.00	28549	0.00	0.00
2000-1-1 0:16:26	28729	0.00	28634	0.00	0.00
2000-1-1 0:16:26	28814	0.00	28719	0.00	0.00
2000-1-1 0:16:26	28899	0.00	28804	0.00	0.00
2000-1-1 0:16:26	28984	0.00	28889	0.00	0.00
2000-1-1 0:16:26	29069	0.00	28974	0.00	0.00
2000-1-1 0:16:26	29154	0.00	29059	0.00	0.00
2000-1-1 0:16:26	29239	0.00	29144	0.00	0.00
2000-1-1 0:16:26	29324	0.00	29229	0.00	0.00
2000-1-1 0:16:26	29415	0.00	29314	0.00	0.00
2000-1-1 0:16:27	29499	0.00	29405	0.00	0.00
2000-1-1 0:16:27	29584	0.00	29489	0.00	0.00
2000-1-1 0:16:27	29671	0.00	29574	0.00	0.00
2000-1-1 0:16:27	29756	0.00	29661	0.00	0.00
2000-1-1 0:16:27	29840	0.00	29746	0.00	0.00
2000-1-1 0:16:27	29925	0.00	29830	0.00	0.00
2000-1-1 0:16:27	30012	0.00	29915	0.00	0.00
2000-1-1 0:16:27	30097	0.00	30001	0.00	0.00
2000-1-1 0:16:27	30180	0.00	30086	0.00	0.00
2000-1-1 0:16:27	30266	0.00	30170	0.00	0.00
2000-1-1 0:16:27	30350	0.00	30255	0.00	0.00
2000-1-1 0:16:27	30435	0.00	30342	0.00	0.00
2000-1-1 0:16:28	30519	0.00	30425	0.00	0.00
2000-1-1 0:16:28	30604	0.00	30509	0.00	0.00
2000-1-1 0:16:28	30690	0.00	30594	0.00	0.00
2000-1-1 0:16:28	30775	0.00	30680	0.00	0.00
2000-1-1 0:16:28	30859	0.00	30765	0.00	0.00
2000-1-1 0:16:28	30945	0.00	30849	0.00	0.00
2000-1-1 0:16:28	31031	0.00	30934	0.00	0.00
2000-1-1 0:16:28	31116	0.00	31021	0.00	0.00
2000-1-1 0:16:28	31200	0.00	31106	0.00	0.00
2000-1-1 0:16:28	31285	0.00	31190	0.00	0.00
2000-1-1 0:16:28	31376	0.00	31275	0.00	0.00
2000-1-1 0:16:28	31460	0.00	31366	0.00	0.00
2000-1-1 0:16:29	31544	0.00	31450	0.00	0.00
2000-1-1 0:16:29	31630	0.00	31534	0.00	0.00
2000-1-1 0:16:29	31716	0.00	31620	0.00	0.00
2000-1-1 0:16:29	31800	0.00	31706	0.00	0.00
2000-1-1 0:16:29	31884	0.00	31790	0.00	0.00
2000-1-1 0:16:29	31971	0.00	31874	0.00	0.00
2000-1-1 0:16:29	32057	0.00	31961	0.00	0.00
2000-1-1 0:16:29	32141	0.00	32047	0.00	0.00
2000-1-1 0:16:29	32225	0.00	32131	0.00	0.00
2000-1-1 0:16:29	32316	0.00	32215	0.00	0.00
2000-1-1 0:16:29	32400	0.00	32306	0.00	0.00
2000-1-1 0:16:30	32484	0.00	32390	0.00	0.00
2000-1-1 0:16:30	32569	0.00	32474	0.00	0.00
2000-1-1 0:16:30	32655	0.00	32559	0.00	0.00
2000-1-1 0:16:30	32741	0.00	32645	0.00	0.00
2000-1-1 0:16:30	32825	0.00	32730	0.00	0.00
2000-1-1 0:16:30	32909	0.00	32814	0.00	0.00
2000-1-1 0:16:30	32995	0.00	32899	0.00	0.00
2000-1-1 0:16:30	33080	0.00	32985	0.00	0.00
