2000-1-1 0:0:3	2915	0.00	0	nan	0.00
2000-1-1 0:0:3	3072	0.00	2511	0.00	0.00
2000-1-1 0:0:4	3153	0.00	3063	0.00	0.00
2000-1-1 0:0:4	3234	0.00	3145	0.00	0.00
2000-1-1 0:0:4	3316	0.00	3226	0.00	0.00
2000-1-1 0:0:4	3400	0.00	3308	0.00	0.00
2000-1-1 0:0:4	3483	0.00	3392	0.00	0.00
2000-1-1 0:0:4	3565	0.00	3475	0.00	0.00
2000-1-1 0:0:4	3646	0.00	3557	0.00	0.00
2000-1-1 0:0:4	3731	0.00	3638	0.00	0.00
2000-1-1 0:0:4	3814	0.00	3723	0.00	0.00
2000-1-1 0:0:4	3896	0.00	3806	0.00	0.00
2000-1-1 0:0:4	3977	0.00	3888	0.00	0.00
2000-1-1 0:0:4	4066	0.00	3969	0.00	0.00
2000-1-1 0:0:5	4149	0.00	4058	0.00	0.00
2000-1-1 0:0:5	4230	0.00	4141	0.00	0.00
2000-1-1 0:0:5	4313	0.00	4221	0.00	0.00
2000-1-1 0:0:5	4397	0.00	4304	0.00	0.00
2000-1-1 0:0:5	4480	0.00	4388	0.00	0.00
2000-1-1 0:0:5	4560	0.00	4471	0.00	0.00
2000-1-1 0:0:5	4643	0.00	4552	0.00	0.00
2000-1-1 0:0:5	4727	0.00	4635	0.00	0.00
2000-1-1 0:0:5	4810	0.00	4719	0.00	0.00
2000-1-1 0:0:5	4891	0.00	4802	0.00	0.00
2000-1-1 0:0:5	4974	0.00	4883	0.00	0.00
2000-1-1 0:0:5	5061	0.00	4966	0.00	0.00
2000-1-1 0:0:6	5144	0.00	5050	0.00	0.00
2000-1-1 0:0:6	5227	0.00	5136	0.00	0.00
2000-1-1 0:0:6	5309	0.00	5219	0.00	0.00
2000-1-1 0:0:6	5392	0.00	5301	0.00	0.00
2000-1-1 0:0:6	5474	0.00	5384	0.00	0.00
2000-1-1 0:0:6	5557	0.00	5467	0.00	0.00
2000-1-1 0:0:6	5640	0.00	5549	0.00	0.00
2000-1-1 0:0:6	5723	0.00	5632	0.00	0.00
2000-1-1 0:0:6	5805	0.00	5714	0.00	0.00
2000-1-1 0:0:6	5888	0.00	5796	0.00	0.00
2000-1-1 0:0:6	5970	0.00	5879	0.00	0.00
2000-1-1 0:0:6	6052	0.00	5962	0.00	0.00
2000-1-1 0:0:7	6140	0.00	6044	0.00	0.00
2000-1-1 0:0:7	6223	0.00	6132	0.00	0.00
2000-1-1 0:0:7	6305	0.00	6215	0.00	0.00
2000-1-1 0:0:7	6387	0.00	6297	0.00	0.00
2000-1-1 0:0:7	6472	0.00	6380	0.00	0.00
2000-1-1 0:0:7	6555	0.00	6464	0.00	0.00
2000-1-1 0:0:7	6636	0.00	6547	0.00	0.00
2000-1-1 0:0:7	6719	0.00	6628	0.00	0.00
2000-1-1 0:0:7	6803	0.00	6711	0.00	0.00
2000-1-1 0:0:7	6886	0.00	6795	0.00	0.00
2000-1-1 0:0:7	6967	0.00	6878	0.00	0.00
2000-1-1 0:0:7	7050	0.00	6959	0.00	0.00
2000-1-1 0:0:8	7138	0.00	7042	0.00	0.00
2000-1-1 0:0:8	7220	0.00	7126	0.00	0.00
2000-1-1 0:0:8	7301	0.00	7212	0.00	0.00
2000-1-1 0:0:8	7385	0.00	7292	0.00	0.00
2000-1-1 0:0:8	7469	0.00	7377	0.00	0.00
2000-1-1 0:0:8	7550	0.00	7460	0.00	0.00
2000-1-1 0:0:8	7631	0.00	7542	0.00	0.00
2000-1-1 0:0:8	7715	0.00	7624	0.00	0.00
2000-1-1 0:0:8	7799	0.00	7708	0.00	0.00
2000-1-1 0:0:8	7880	0.00	7791	0.00	0.00
2000-1-1 0:0:8	7962	0.00	7872	0.00	0.00
2000-1-1 0:0:8	8046	0.00	7954	0.00	0.00
2000-1-1 0:0:9	8129	0.00	8038	0.00	0.00
2000-1-1 0:0:9	8214	0.00	8122	0.00	0.00
2000-1-1 0:0:9	8297	0.00	8207	0.00	0.00
2000-1-1 0:0:9	8380	0.00	8289	0.00	0.00
2000-1-1 0:0:9	8463	0.00	8373	0.00	0.00
2000-1-1 0:0:9	8545	0.00	8455	0.00	0.00
2000-1-1 0:0:9	8627	0.00	8537	0.00	0.00
2000-1-1 0:0:9	8711	0.00	8620	0.00	0.00
2000-1-1 0:0:9	8794	0.00	8702	0.00	0.00
2000-1-1 0:0:9	8875	0.00	8785	0.00	0.00
2000-1-1 0:0:9	8957	0.00	8866	0.00	0.00
2000-1-1 0:0:9	9041	0.00	8949	0.00	0.00
2000-1-1 0:0:10	9124	0.00	9033	0.00	0.00
2000-1-1 0:0:10	9203	0.00	9116	0.00	0.00
2000-1-1 0:0:10	9286	0.00	9197	0.00	0.00
2000-1-1 0:0:10	9370	0.00	9278	0.00	0.00
2000-1-1 0:0:10	9452	0.00	9362	0.00	0.00
2000-1-1 0:0:10	9534	0.00	9444	0.00	0.00
2000-1-1 0:0:10	9617	0.00	9526	0.00	0.00
2000-1-1 0:0:10	9700	0.00	9609	0.00	0.00
2000-1-1 0:0:10	9783	0.00	9692	0.00	0.00
2000-1-1 0:0:10	9864	0.00	9775	0.00	0.00
2000-1-1 0:0:10	9947	0.00	9857	0.00	0.00
2000-1-1 0:0:10	10031	0.00	9938	0.00	0.00
2000-1-1 0:0:11	10114	0.00	10022	0.00	0.00
2000-1-1 0:0:11	10200	0.00	10105	0.00	0.00
2000-1-1 0:0:11	10284	0.00	10187	0.00	0.00
2000-1-1 0:0:11	10365	0.00	10275	0.00	0.00
2000-1-1 0:0:11	10448	0.00	10358	0.00	0.00
2000-1-1 0:0:11	10532	0.00	10440	0.00	0.00
2000-1-1 0:0:11	10615	0.00	10524	0.00	0.00
2000-1-1 0:0:11	10698	0.00	10608	0.00	0.00
2000-1-1 0:0:11	10781	0.00	10690	0.00	0.00
2000-1-1 0:0:11	10864	0.00	10773	0.00	0.00
2000-1-1 0:0:11	10947	0.00	10856	0.00	0.00
2000-1-1 0:0:11	11030	0.00	10939	0.00	0.00
2000-1-1 0:0:12	11113	0.00	11022	0.00	0.00
2000-1-1 0:0:12	11531	0.00	11105	0.00	0.00
2000-1-1 0:0:12	11614	0.00	11521	0.00	0.00
2000-1-1 0:0:12	11698	0.00	11603	0.00	0.00
2000-1-1 0:0:12	11782	0.00	11687	0.00	0.00
2000-1-1 0:0:12	11868	0.00	11771	0.00	0.00
2000-1-1 0:0:12	11954	0.00	11857	0.00	0.00
2000-1-1 0:0:12	12038	0.00	11943	0.00	0.00
2000-1-1 0:0:13	12122	0.00	12027	0.00	0.00
2000-1-1 0:0:13	12208	0.00	12111	0.00	0.00
2000-1-1 0:0:13	12295	0.00	12197	0.00	0.00
2000-1-1 0:0:13	12379	0.00	12284	0.00	0.00
2000-1-1 0:0:13	12462	0.00	12368	0.00	0.00
2000-1-1 0:0:13	12553	0.00	12451	0.00	0.00
2000-1-1 0:0:13	12638	0.00	12542	0.00	0.00
2000-1-1 0:0:13	12722	0.00	12627	0.00	0.00
2000-1-1 0:0:13	12807	0.00	12711	0.00	0.00
2000-1-1 0:0:13	12893	0.00	12796	0.00	0.00
2000-1-1 0:0:13	12978	0.00	12882	0.00	0.00
2000-1-1 0:0:13	13062	0.00	12967	0.00	0.00
2000-1-1 0:0:14	13147	0.00	13051	0.00	0.00
2000-1-1 0:0:14	13234	0.00	13136	0.00	0.00
2000-1-1 0:0:14	13319	0.00	13223	0.00	0.00
2000-1-1 0:0:14	13402	0.00	13308	0.00	0.00
2000-1-1 0:0:14	13492	0.00	13391	0.00	0.00
2000-1-1 0:0:14	13577	0.00	13476	0.00	0.00
2000-1-1 0:0:14	13662	0.00	13566	0.00	0.00
2000-1-1 0:0:14	13747	0.00	13651	0.00	0.00
2000-1-1 0:0:14	13832	0.00	13736	0.00	0.00
2000-1-1 0:0:14	13917	0.00	13821	0.00	0.00
2000-1-1 0:0:14	14002	0.00	13906	0.00	0.00
2000-1-1 0:0:14	14087	0.00	13990	0.00	0.00
2000-1-1 0:0:15	14172	0.00	14076	0.00	0.00
2000-1-1 0:0:15	14257	0.00	14161	0.00	0.00
2000-1-1 0:0:15	14342	0.00	14246	0.00	0.00
2000-1-1 0:0:15	14427	0.00	14331	0.00	0.00
2000-1-1 0:0:15	14515	0.00	14416	0.00	0.00
2000-1-1 0:0:15	14600	0.00	14504	0.00	0.00
2000-1-1 0:0:15	14687	0.00	14589	0.00	0.00
2000-1-1 0:0:15	14773	0.00	14676	0.00	0.00
2000-1-1 0:0:15	14856	0.00	14763	0.00	0.00
2000-1-1 0:0:15	14941	0.00	14845	0.00	0.00
2000-1-1 0:0:15	15028	0.00	14930	0.00	0.00
2000-1-1 0:0:16	15113	0.00	15017	0.00	0.00
2000-1-1 0:0:16	15196	0.00	15102	0.00	0.00
2000-1-1 0:0:16	15282	0.00	15185	0.00	0.00
2000-1-1 0:0:16	15368	0.00	15270	0.00	0.00
2000-1-1 0:0:16	15456	0.00	15357	0.00	0.00
2000-1-1 0:0:16	15540	0.00	15442	0.00	0.00
2000-1-1 0:0:16	15627	0.00	15529	0.00	0.00
2000-1-1 0:0:16	15713	0.00	15616	0.00	0.00
2000-1-1 0:0:16	15797	0.00	15703	0.00	0.00
2000-1-1 0:0:16	15880	0.00	15787	0.00	0.00
2000-1-1 0:0:16	15967	0.00	15869	0.00	0.00
2000-1-1 0:0:16	16053	0.00	15956	0.00	0.00
2000-1-1 0:0:17	16137	0.00	16043	0.00	0.00
2000-1-1 0:0:17	16221	0.00	16126	0.00	0.00
2000-1-1 0:0:17	16307	0.00	16210	0.00	0.00
2000-1-1 0:0:17	16393	0.00	16296	0.00	0.00
2000-1-1 0:0:17	16480	0.00	16382	0.00	0.00
2000-1-1 0:0:17	16565	0.00	16470	0.00	0.00
2000-1-1 0:0:17	16652	0.00	16555	0.00	0.00
2000-1-1 0:0:17	16737	0.00	16642	0.00	0.00
2000-1-1 0:0:17	16820	0.00	16727	0.00	0.00
2000-1-1 0:0:17	16906	0.00	16809	0.00	0.00
2000-1-1 0:0:17	16992	0.00	16896	0.00	0.00
2000-1-1 0:0:17	17077	0.00	16982	0.00	0.00
2000-1-1 0:0:18	17161	0.00	17067	0.00	0.00
2000-1-1 0:0:18	17246	0.00	17150	0.00	0.00
2000-1-1 0:0:18	17332	0.00	17235	0.00	0.00
2000-1-1 0:0:18	17417	0.00	17321	0.00	0.00
2000-1-1 0:0:18	17506	0.00	17406	0.00	0.00
2000-1-1 0:0:18	17591	0.00	17496	0.00	0.00
2000-1-1 0:0:18	17676	0.00	17581	0.00	0.00
2000-1-1 0:0:18	17761	0.00	17666	0.00	0.00
2000-1-1 0:0:18	17845	0.00	17751	0.00	0.00
2000-1-1 0:0:18	17930	0.00	17835	0.00	0.00
2000-1-1 0:0:18	18016	0.00	17920	0.00	0.00
2000-1-1 0:0:18	18100	0.00	18004	0.00	0.00
2000-1-1 0:0:19	18186	0.00	18089	0.00	0.00
2000-1-1 0:0:19	18271	0.00	18176	0.00	0.00
2000-1-1 0:0:19	18356	0.00	18260	0.00	0.00
2000-1-1 0:0:19	18445	0.00	18345	0.00	0.00
2000-1-1 0:0:19	18531	0.00	18430	0.00	0.00
2000-1-1 0:0:19	18615	0.00	18521	0.00	0.00
2000-1-1 0:0:19	18700	0.00	18605	0.00	0.00
2000-1-1 0:0:19	18787	0.00	18690	0.00	0.00
2000-1-1 0:0:19	18873	0.00	18777	0.00	0.00
2000-1-1 0:0:19	18956	0.00	18863	0.00	0.00
2000-1-1 0:0:19	19041	0.00	18946	0.00	0.00
2000-1-1 0:0:20	19128	0.00	19031	0.00	0.00
2000-1-1 0:0:20	19213	0.00	19118	0.00	0.00
2000-1-1 0:0:20	19296	0.00	19203	0.00	0.00
2000-1-1 0:0:20	19381	0.00	19286	0.00	0.00
2000-1-1 0:0:20	19787	0.00	19371	0.00	0.00
2000-1-1 0:0:20	19873	0.00	19775	0.00	0.00
2000-1-1 0:0:20	19959	0.00	19861	0.00	0.00
2000-1-1 0:0:20	20045	0.00	19947	0.00	0.00
2000-1-1 0:0:21	20134	0.00	20033	0.00	0.00
2000-1-1 0:0:21	20222	0.00	20121	0.00	0.00
2000-1-1 0:0:21	20308	0.00	20209	0.00	0.00
2000-1-1 0:0:21	20395	0.00	20295	0.00	0.00
2000-1-1 0:0:21	20483	0.00	20381	0.00	0.00
2000-1-1 0:0:21	20571	0.00	20470	0.00	0.00
2000-1-1 0:0:21	20657	0.00	20558	0.00	0.00
2000-1-1 0:0:21	20743	0.00	20644	0.00	0.00
2000-1-1 0:0:21	20837	0.00	20730	0.00	0.00
2000-1-1 0:0:21	20924	0.00	20824	0.00	0.00
2000-1-1 0:0:21	21010	0.00	20912	0.00	0.00
2000-1-1 0:0:21	21097	0.00	20997	0.00	0.00
2000-1-1 0:0:22	21185	0.00	21085	0.00	0.00
2000-1-1 0:0:22	21272	0.00	21173	0.00	0.00
2000-1-1 0:0:22	21358	0.00	21260	0.00	0.00
2000-1-1 0:0:22	21446	0.00	21346	0.00	0.00
2000-1-1 0:0:22	21534	0.00	21434	0.00	0.00
2000-1-1 0:0:22	21621	0.00	21522	0.00	0.00
2000-1-1 0:0:22	21707	0.00	21609	0.00	0.00
2000-1-1 0:0:22	21799	0.00	21695	0.00	0.00
2000-1-1 0:0:22	21886	0.00	21782	0.00	0.00
2000-1-1 0:0:22	21974	0.00	21874	0.00	0.00
2000-1-1 0:0:22	22061	0.00	21961	0.00	0.00
2000-1-1 0:0:23	22148	0.00	22048	0.00	0.00
2000-1-1 0:0:23	22236	0.00	22135	0.00	0.00
2000-1-1 0:0:23	22323	0.00	22223	0.00	0.00
2000-1-1 0:0:23	22410	0.00	22310	0.00	0.00
2000-1-1 0:0:23	22497	0.00	22397	0.00	0.00
2000-1-1 0:0:23	22584	0.00	22484	0.00	0.00
2000-1-1 0:0:23	22671	0.00	22572	0.00	0.00
2000-1-1 0:0:23	22759	0.00	22659	0.00	0.00
2000-1-1 0:0:23	22849	0.00	22747	0.00	0.00
2000-1-1 0:0:23	22937	0.00	22837	0.00	0.00
2000-1-1 0:0:23	23026	0.00	22924	0.00	0.00
2000-1-1 0:0:24	23113	0.00	23013	0.00	0.00
2000-1-1 0:0:24	23199	0.00	23101	0.00	0.00
2000-1-1 0:0:24	23286	0.00	23187	0.00	0.00
2000-1-1 0:0:24	23374	0.00	23274	0.00	0.00
2000-1-1 0:0:24	23461	0.00	23362	0.00	0.00
2000-1-1 0:0:24	23547	0.00	23449	0.00	0.00
2000-1-1 0:0:24	23634	0.00	23535	0.00	0.00
2000-1-1 0:0:24	23724	0.00	23622	0.00	0.00
2000-1-1 0:0:24	23811	0.00	23711	0.00	0.00
2000-1-1 0:0:24	23900	0.00	23798	0.00	0.00
2000-1-1 0:0:24	23989	0.00	23887	0.00	0.00
2000-1-1 0:0:24	24077	0.00	23976	0.00	0.00
2000-1-1 0:0:25	24163	0.00	24065	0.00	0.00
2000-1-1 0:0:25	24249	0.00	24151	0.00	0.00
2000-1-1 0:0:25	24338	0.00	24237	0.00	0.00
2000-1-1 0:0:25	24426	0.00	24325	0.00	0.00
2000-1-1 0:0:25	24512	0.00	24414	0.00	0.00
2000-1-1 0:0:25	24598	0.00	24500	0.00	0.00
2000-1-1 0:0:25	24687	0.00	24586	0.00	0.00
2000-1-1 0:0:25	24775	0.00	24674	0.00	0.00
2000-1-1 0:0:25	24864	0.00	24763	0.00	0.00
2000-1-1 0:0:25	24952	0.00	24849	0.00	0.00
2000-1-1 0:0:25	25040	0.00	24939	0.00	0.00
2000-1-1 0:0:26	25127	0.00	25028	0.00	0.00
2000-1-1 0:0:26	25213	0.00	25115	0.00	0.00
2000-1-1 0:0:26	25302	0.00	25201	0.00	0.00
2000-1-1 0:0:26	25390	0.00	25288	0.00	0.00
2000-1-1 0:0:26	25477	0.00	25377	0.00	0.00
2000-1-1 0:0:26	25563	0.00	25464	0.00	0.00
2000-1-1 0:0:26	25650	0.00	25550	0.00	0.00
2000-1-1 0:0:26	25739	0.00	25637	0.00	0.00
2000-1-1 0:0:26	25826	0.00	25725	0.00	0.00
2000-1-1 0:0:26	25916	0.00	25812	0.00	0.00
2000-1-1 0:0:26	26004	0.00	25904	0.00	0.00
2000-1-1 0:0:26	26091	0.00	25991	0.00	0.00
2000-1-1 0:0:27	26178	0.00	26079	0.00	0.00
2000-1-1 0:0:27	26265	0.00	26166	0.00	0.00
2000-1-1 0:0:27	26352	0.00	26253	0.00	0.00
2000-1-1 0:0:27	26440	0.00	26340	0.00	0.00
2000-1-1 0:0:27	26527	0.00	26427	0.00	0.00
2000-1-1 0:0:27	26614	0.00	26514	0.00	0.00
2000-1-1 0:0:27	26701	0.00	26602	0.00	0.00
2000-1-1 0:0:27	26788	0.00	26689	0.00	0.00
2000-1-1 0:0:27	26881	0.00	26776	0.00	0.00
2000-1-1 0:0:27	26969	0.00	26863	0.00	0.00
2000-1-1 0:0:27	27055	0.00	26956	0.00	0.00
2000-1-1 0:0:28	27142	0.00	27042	0.00	0.00
2000-1-1 0:0:28	27231	0.00	27129	0.00	0.00
2000-1-1 0:0:28	27319	0.00	27218	0.00	0.00
2000-1-1 0:0:28	27405	0.00	27307	0.00	0.00
2000-1-1 0:0:28	27492	0.00	27393	0.00	0.00
2000-1-1 0:0:28	27581	0.00	27480	0.00	0.00
2000-1-1 0:0:28	27668	0.00	27568	0.00	0.00
2000-1-1 0:0:28	27754	0.00	27656	0.00	0.00
2000-1-1 0:0:28	27841	0.00	27741	0.00	0.00
2000-1-1 0:0:29	28249	0.00	27829	0.00	0.00
2000-1-1 0:0:29	28335	0.00	28236	0.00	0.00
2000-1-1 0:0:29	28421	0.00	28322	0.00	0.00
2000-1-1 0:0:29	28507	0.00	28408	0.00	0.00
2000-1-1 0:0:29	28596	0.00	28494	0.00	0.00
2000-1-1 0:0:29	28684	0.00	28582	0.00	0.00
2000-1-1 0:0:29	28770	0.00	28672	0.00	0.00
2000-1-1 0:0:29	28856	0.00	28758	0.00	0.00
2000-1-1 0:0:29	28945	0.00	28844	0.00	0.00
2000-1-1 0:0:29	29033	0.00	28932	0.00	0.00
2000-1-1 0:0:30	29119	0.00	29021	0.00	0.00
2000-1-1 0:0:30	29205	0.00	29107	0.00	0.00
2000-1-1 0:0:30	29298	0.00	29193	0.00	0.00
2000-1-1 0:0:30	29386	0.00	29286	0.00	0.00
2000-1-1 0:0:30	29472	0.00	29373	0.00	0.00
2000-1-1 0:0:30	29559	0.00	29459	0.00	0.00
2000-1-1 0:0:30	29648	0.00	29547	0.00	0.00
2000-1-1 0:0:30	29735	0.00	29635	0.00	0.00
2000-1-1 0:0:30	29821	0.00	29723	0.00	0.00
2000-1-1 0:0:30	29908	0.00	29809	0.00	0.00
2000-1-1 0:0:30	29997	0.00	29895	0.00	0.00
2000-1-1 0:0:30	30084	0.00	29984	0.00	0.00
2000-1-1 0:0:31	30170	0.00	30071	0.00	0.00
2000-1-1 0:0:31	30262	0.00	30157	0.00	0.00
2000-1-1 0:0:31	30350	0.00	30245	0.00	0.00
2000-1-1 0:0:31	30437	0.00	30338	0.00	0.00
2000-1-1 0:0:31	30525	0.00	30425	0.00	0.00
2000-1-1 0:0:31	30612	0.00	30512	0.00	0.00
2000-1-1 0:0:31	30699	0.00	30600	0.00	0.00
2000-1-1 0:0:31	30786	0.00	30687	0.00	0.00
2000-1-1 0:0:31	30874	0.00	30774	0.00	0.00
2000-1-1 0:0:31	30961	0.00	30861	0.00	0.00
2000-1-1 0:0:31	31048	0.00	30949	0.00	0.00
2000-1-1 0:0:32	31135	0.00	31036	0.00	0.00
2000-1-1 0:0:32	31223	0.00	31123	0.00	0.00
2000-1-1 0:0:32	31313	0.00	31210	0.00	0.00
2000-1-1 0:0:32	31401	0.00	31301	0.00	0.00
2000-1-1 0:0:32	31491	0.00	31388	0.00	0.00
2000-1-1 0:0:32	31579	0.00	31478	0.00	0.00
2000-1-1 0:0:32	31665	0.00	31565	0.00	0.00
2000-1-1 0:0:32	31752	0.00	31651	0.00	0.00
2000-1-1 0:0:32	31840	0.00	31739	0.00	0.00
2000-1-1 0:0:32	31927	0.00	31827	0.00	0.00
2000-1-1 0:0:32	32014	0.00	31915	0.00	0.00
2000-1-1 0:0:32	32101	0.00	32001	0.00	0.00
2000-1-1 0:0:33	32189	0.00	32089	0.00	0.00
2000-1-1 0:0:33	32277	0.00	32177	0.00	0.00
2000-1-1 0:0:33	32366	0.00	32265	0.00	0.00
2000-1-1 0:0:33	32455	0.00	32354	0.00	0.00
2000-1-1 0:0:33	32543	0.00	32443	0.00	0.00
2000-1-1 0:0:33	32629	0.00	32531	0.00	0.00
2000-1-1 0:0:33	32716	0.00	32617	0.00	0.00
2000-1-1 0:0:33	32804	0.00	32703	0.00	0.00
2000-1-1 0:0:33	32893	0.00	32792	0.00	0.00
2000-1-1 0:0:33	32979	0.00	32881	0.00	0.00
2000-1-1 0:0:33	33065	0.00	32967	0.00	0.00
2000-1-1 0:0:34	33154	0.00	33053	0.00	0.00
2000-1-1 0:0:34	33243	0.00	33141	0.00	0.00
2000-1-1 0:0:34	33332	0.00	33230	0.00	0.00
2000-1-1 0:0:34	33419	0.00	33316	0.00	0.00
2000-1-1 0:0:34	33508	0.00	33406	0.00	0.00
2000-1-1 0:0:34	33595	0.00	33496	0.00	0.00
2000-1-1 0:0:34	33681	0.00	33583	0.00	0.00
2000-1-1 0:0:34	33769	0.00	33669	0.00	0.00
2000-1-1 0:0:34	33857	0.00	33757	0.00	0.00
2000-1-1 0:0:34	33945	0.00	33845	0.00	0.00
2000-1-1 0:0:34	34031	0.00	33932	0.00	0.00
2000-1-1 0:0:35	34118	0.00	34019	0.00	0.00
2000-1-1 0:0:35	34207	0.00	34106	0.00	0.00
2000-1-1 0:0:35	34294	0.00	34194	0.00	0.00
2000-1-1 0:0:35	34385	0.00	34282	0.00	0.00
2000-1-1 0:0:35	34472	0.00	34373	0.00	0.00
2000-1-1 0:0:35	34560	0.00	34460	0.00	0.00
2000-1-1 0:0:35	34648	0.00	34547	0.00	0.00
2000-1-1 0:0:35	34735	0.00	34634	0.00	0.00
2000-1-1 0:0:35	34822	0.00	34722	0.00	0.00
2000-1-1 0:0:35	34909	0.00	34809	0.00	0.00
2000-1-1 0:0:35	34997	0.00	34896	0.00	0.00
2000-1-1 0:0:35	35084	0.00	34984	0.00	0.00
2000-1-1 0:0:36	35171	0.00	35072	0.00	0.00
2000-1-1 0:0:36	35259	0.00	35159	0.00	0.00
2000-1-1 0:0:36	35346	0.00	35247	0.00	0.00
2000-1-1 0:0:36	35438	0.00	35334	0.00	0.00
2000-1-1 0:0:36	35524	0.00	35426	0.00	0.00
2000-1-1 0:0:36	35612	0.00	35512	0.00	0.00
2000-1-1 0:0:36	35701	0.00	35600	0.00	0.00
2000-1-1 0:0:36	35789	0.00	35689	0.00	0.00
2000-1-1 0:0:36	35875	0.00	35777	0.00	0.00
2000-1-1 0:0:36	35962	0.00	35863	0.00	0.00
2000-1-1 0:0:36	36051	0.00	35950	0.00	0.00
2000-1-1 0:0:37	36139	0.00	36039	0.00	0.00
2000-1-1 0:0:37	36225	0.00	36126	0.00	0.00
2000-1-1 0:0:37	36313	0.00	36212	0.00	0.00
2000-1-1 0:0:37	36653	0.00	36299	0.00	0.00
2000-1-1 0:0:37	36815	0.00	36388	0.00	0.00
2000-1-1 0:0:37	36901	0.00	36803	0.00	0.00
2000-1-1 0:0:37	36987	0.00	36889	0.00	0.00
2000-1-1 0:0:37	37073	0.00	36975	0.00	0.00
2000-1-1 0:0:38	37163	0.00	37061	0.00	0.00
2000-1-1 0:0:38	37251	0.00	37150	0.00	0.00
2000-1-1 0:0:38	37337	0.00	37238	0.00	0.00
2000-1-1 0:0:38	37423	0.00	37324	0.00	0.00
2000-1-1 0:0:38	37512	0.00	37410	0.00	0.00
2000-1-1 0:0:38	37600	0.00	37499	0.00	0.00
2000-1-1 0:0:38	37686	0.00	37587	0.00	0.00
2000-1-1 0:0:38	37777	0.00	37673	0.00	0.00
2000-1-1 0:0:38	37866	0.00	37765	0.00	0.00
2000-1-1 0:0:38	37953	0.00	37854	0.00	0.00
2000-1-1 0:0:38	38039	0.00	37941	0.00	0.00
2000-1-1 0:0:39	38126	0.00	38027	0.00	0.00
2000-1-1 0:0:39	38215	0.00	38114	0.00	0.00
2000-1-1 0:0:39	38302	0.00	38202	0.00	0.00
2000-1-1 0:0:39	38388	0.00	38290	0.00	0.00
2000-1-1 0:0:39	38475	0.00	38376	0.00	0.00
2000-1-1 0:0:39	38564	0.00	38463	0.00	0.00
2000-1-1 0:0:39	38651	0.00	38552	0.00	0.00
2000-1-1 0:0:39	38743	0.00	38639	0.00	0.00
2000-1-1 0:0:39	38830	0.00	38725	0.00	0.00
2000-1-1 0:0:39	38917	0.00	38817	0.00	0.00
2000-1-1 0:0:39	39004	0.00	38904	0.00	0.00
2000-1-1 0:0:39	39092	0.00	38991	0.00	0.00
2000-1-1 0:0:40	39179	0.00	39078	0.00	0.00
2000-1-1 0:0:40	39266	0.00	39166	0.00	0.00
2000-1-1 0:0:40	39353	0.00	39254	0.00	0.00
2000-1-1 0:0:40	39441	0.00	39341	0.00	0.00
2000-1-1 0:0:40	39528	0.00	39428	0.00	0.00
2000-1-1 0:0:40	39615	0.00	39516	0.00	0.00
2000-1-1 0:0:40	39702	0.00	39603	0.00	0.00
2000-1-1 0:0:40	39795	0.00	39690	0.00	0.00
2000-1-1 0:0:40	39881	0.00	39782	0.00	0.00
2000-1-1 0:0:40	39968	0.00	39868	0.00	0.00
2000-1-1 0:0:40	40057	0.00	39956	0.00	0.00
2000-1-1 0:0:41	40145	0.00	40045	0.00	0.00
2000-1-1 0:0:41	40231	0.00	40133	0.00	0.00
2000-1-1 0:0:41	40318	0.00	40219	0.00	0.00
2000-1-1 0:0:41	40407	0.00	40306	0.00	0.00
2000-1-1 0:0:41	40495	0.00	40394	0.00	0.00
2000-1-1 0:0:41	40581	0.00	40481	0.00	0.00
2000-1-1 0:0:41	40668	0.00	40567	0.00	0.00
2000-1-1 0:0:41	40756	0.00	40655	0.00	0.00
2000-1-1 0:0:41	40847	0.00	40743	0.00	0.00
2000-1-1 0:0:41	40933	0.00	40835	0.00	0.00
2000-1-1 0:0:41	41021	0.00	40921	0.00	0.00
2000-1-1 0:0:42	41110	0.00	41009	0.00	0.00
2000-1-1 0:0:42	41196	0.00	41097	0.00	0.00
2000-1-1 0:0:42	41282	0.00	41184	0.00	0.00
2000-1-1 0:0:42	41370	0.00	41270	0.00	0.00
2000-1-1 0:0:42	41458	0.00	41358	0.00	0.00
2000-1-1 0:0:42	41544	0.00	41446	0.00	0.00
2000-1-1 0:0:42	41630	0.00	41532	0.00	0.00
2000-1-1 0:0:42	41719	0.00	41618	0.00	0.00
2000-1-1 0:0:42	41811	0.00	41706	0.00	0.00
2000-1-1 0:0:42	41897	0.00	41795	0.00	0.00
2000-1-1 0:0:42	41985	0.00	41884	0.00	0.00
2000-1-1 0:0:42	42074	0.00	41972	0.00	0.00
2000-1-1 0:0:43	42161	0.00	42060	0.00	0.00
2000-1-1 0:0:43	42247	0.00	42147	0.00	0.00
2000-1-1 0:0:43	42334	0.00	42233	0.00	0.00
2000-1-1 0:0:43	42422	0.00	42321	0.00	0.00
2000-1-1 0:0:43	42510	0.00	42409	0.00	0.00
2000-1-1 0:0:43	42596	0.00	42497	0.00	0.00
2000-1-1 0:0:43	42683	0.00	42583	0.00	0.00
2000-1-1 0:0:43	42771	0.00	42671	0.00	0.00
2000-1-1 0:0:43	42862	0.00	42759	0.00	0.00
2000-1-1 0:0:43	42949	0.00	42850	0.00	0.00
2000-1-1 0:0:43	43036	0.00	42937	0.00	0.00
2000-1-1 0:0:44	43124	0.00	43024	0.00	0.00
2000-1-1 0:0:44	43211	0.00	43112	0.00	0.00
2000-1-1 0:0:44	43298	0.00	43199	0.00	0.00
2000-1-1 0:0:44	43386	0.00	43286	0.00	0.00
2000-1-1 0:0:44	43473	0.00	43373	0.00	0.00
2000-1-1 0:0:44	43560	0.00	43461	0.00	0.00
2000-1-1 0:0:44	43648	0.00	43548	0.00	0.00
2000-1-1 0:0:44	43736	0.00	43635	0.00	0.00
2000-1-1 0:0:44	43823	0.00	43722	0.00	0.00
2000-1-1 0:0:44	43916	0.00	43810	0.00	0.00
2000-1-1 0:0:44	44003	0.00	43902	0.00	0.00
2000-1-1 0:0:44	44089	0.00	43991	0.00	0.00
2000-1-1 0:0:45	44177	0.00	44077	0.00	0.00
2000-1-1 0:0:45	44266	0.00	44165	0.00	0.00
2000-1-1 0:0:45	44354	0.00	44254	0.00	0.00
2000-1-1 0:0:45	44440	0.00	44342	0.00	0.00
2000-1-1 0:0:45	44527	0.00	44428	0.00	0.00
2000-1-1 0:0:45	44616	0.00	44515	0.00	0.00
2000-1-1 0:0:45	44703	0.00	44603	0.00	0.00
2000-1-1 0:0:45	44789	0.00	44691	0.00	0.00
2000-1-1 0:0:45	45124	0.00	44777	0.00	0.00
2000-1-1 0:0:46	45286	0.00	44864	0.00	0.00
2000-1-1 0:0:46	45372	0.00	45274	0.00	0.00
2000-1-1 0:0:46	45458	0.00	45360	0.00	0.00
2000-1-1 0:0:46	45544	0.00	45446	0.00	0.00
2000-1-1 0:0:46	45633	0.00	45532	0.00	0.00
2000-1-1 0:0:46	45721	0.00	45620	0.00	0.00
2000-1-1 0:0:46	45807	0.00	45708	0.00	0.00
2000-1-1 0:0:46	45893	0.00	45795	0.00	0.00
2000-1-1 0:0:46	45981	0.00	45881	0.00	0.00
2000-1-1 0:0:46	46069	0.00	45969	0.00	0.00
2000-1-1 0:0:47	46155	0.00	46057	0.00	0.00
2000-1-1 0:0:47	46246	0.00	46143	0.00	0.00
2000-1-1 0:0:47	46336	0.00	46234	0.00	0.00
2000-1-1 0:0:47	46423	0.00	46322	0.00	0.00
2000-1-1 0:0:47	46509	0.00	46410	0.00	0.00
2000-1-1 0:0:47	46596	0.00	46496	0.00	0.00
2000-1-1 0:0:47	46685	0.00	46583	0.00	0.00
2000-1-1 0:0:47	46772	0.00	46672	0.00	0.00
2000-1-1 0:0:47	46858	0.00	46759	0.00	0.00
2000-1-1 0:0:47	46945	0.00	46845	0.00	0.00
2000-1-1 0:0:47	47034	0.00	46932	0.00	0.00
2000-1-1 0:0:48	47121	0.00	47022	0.00	0.00
2000-1-1 0:0:48	47207	0.00	47109	0.00	0.00
2000-1-1 0:0:48	47299	0.00	47195	0.00	0.00
2000-1-1 0:0:48	47386	0.00	47287	0.00	0.00
2000-1-1 0:0:48	47473	0.00	47374	0.00	0.00
2000-1-1 0:0:48	47561	0.00	47461	0.00	0.00
2000-1-1 0:0:48	47648	0.00	47548	0.00	0.00
2000-1-1 0:0:48	47735	0.00	47636	0.00	0.00
2000-1-1 0:0:48	47822	0.00	47723	0.00	0.00
2000-1-1 0:0:48	47910	0.00	47810	0.00	0.00
2000-1-1 0:0:48	47997	0.00	47897	0.00	0.00
2000-1-1 0:0:48	48084	0.00	47985	0.00	0.00
2000-1-1 0:0:49	48172	0.00	48072	0.00	0.00
2000-1-1 0:0:49	48264	0.00	48159	0.00	0.00
2000-1-1 0:0:49	48350	0.00	48246	0.00	0.00
2000-1-1 0:0:49	48437	0.00	48337	0.00	0.00
2000-1-1 0:0:49	48527	0.00	48424	0.00	0.00
2000-1-1 0:0:49	48614	0.00	48514	0.00	0.00
2000-1-1 0:0:49	48700	0.00	48602	0.00	0.00
2000-1-1 0:0:49	48788	0.00	48688	0.00	0.00
2000-1-1 0:0:49	48876	0.00	48775	0.00	0.00
2000-1-1 0:0:49	48963	0.00	48864	0.00	0.00
2000-1-1 0:0:49	49049	0.00	48951	0.00	0.00
2000-1-1 0:0:50	49137	0.00	49037	0.00	0.00
2000-1-1 0:0:50	49225	0.00	49124	0.00	0.00
2000-1-1 0:0:50	49316	0.00	49213	0.00	0.00
2000-1-1 0:0:50	49402	0.00	49304	0.00	0.00
2000-1-1 0:0:50	49490	0.00	49390	0.00	0.00
2000-1-1 0:0:50	49579	0.00	49478	0.00	0.00
2000-1-1 0:0:50	49665	0.00	49566	0.00	0.00
2000-1-1 0:0:50	49751	0.00	49652	0.00	0.00
2000-1-1 0:0:50	49840	0.00	49738	0.00	0.00
2000-1-1 0:0:50	49928	0.00	49827	0.00	0.00
2000-1-1 0:0:50	50014	0.00	49915	0.00	0.00
2000-1-1 0:0:50	50100	0.00	50001	0.00	0.00
2000-1-1 0:0:51	50189	0.00	50087	0.00	0.00
2000-1-1 0:0:51	50281	0.00	50177	0.00	0.00
2000-1-1 0:0:51	50367	0.00	50265	0.00	0.00
2000-1-1 0:0:51	50454	0.00	50354	0.00	0.00
2000-1-1 0:0:51	50542	0.00	50442	0.00	0.00
2000-1-1 0:0:51	50629	0.00	50530	0.00	0.00
2000-1-1 0:0:51	50715	0.00	50617	0.00	0.00
2000-1-1 0:0:51	50803	0.00	50703	0.00	0.00
2000-1-1 0:0:51	50891	0.00	50791	0.00	0.00
2000-1-1 0:0:51	50978	0.00	50879	0.00	0.00
2000-1-1 0:0:51	51065	0.00	50966	0.00	0.00
2000-1-1 0:0:52	51152	0.00	51052	0.00	0.00
2000-1-1 0:0:52	51240	0.00	51140	0.00	0.00
2000-1-1 0:0:52	51332	0.00	51228	0.00	0.00
2000-1-1 0:0:52	51419	0.00	51319	0.00	0.00
2000-1-1 0:0:52	51506	0.00	51406	0.00	0.00
2000-1-1 0:0:52	51593	0.00	51493	0.00	0.00
2000-1-1 0:0:52	51680	0.00	51580	0.00	0.00
2000-1-1 0:0:52	51768	0.00	51667	0.00	0.00
2000-1-1 0:0:52	51855	0.00	51756	0.00	0.00
2000-1-1 0:0:52	51942	0.00	51843	0.00	0.00
2000-1-1 0:0:52	52029	0.00	51930	0.00	0.00
2000-1-1 0:0:53	52117	0.00	52017	0.00	0.00
2000-1-1 0:0:53	52204	0.00	52105	0.00	0.00
2000-1-1 0:0:53	52291	0.00	52192	0.00	0.00
2000-1-1 0:0:53	52384	0.00	52279	0.00	0.00
2000-1-1 0:0:53	52472	0.00	52371	0.00	0.00
2000-1-1 0:0:53	52558	0.00	52459	0.00	0.00
2000-1-1 0:0:53	52645	0.00	52545	0.00	0.00
2000-1-1 0:0:53	52734	0.00	52633	0.00	0.00
2000-1-1 0:0:53	52823	0.00	52722	0.00	0.00
2000-1-1 0:0:53	52909	0.00	52810	0.00	0.00
2000-1-1 0:0:53	52996	0.00	52896	0.00	0.00
2000-1-1 0:0:53	53085	0.00	52983	0.00	0.00
2000-1-1 0:0:54	53172	0.00	53071	0.00	0.00
2000-1-1 0:0:54	53258	0.00	53159	0.00	0.00
2000-1-1 0:0:54	53592	0.00	53245	0.00	0.00
2000-1-1 0:0:54	53754	0.00	53332	0.00	0.00
2000-1-1 0:0:54	53840	0.00	53741	0.00	0.00
2000-1-1 0:0:54	53926	0.00	53827	0.00	0.00
2000-1-1 0:0:54	54011	0.00	53913	0.00	0.00
2000-1-1 0:0:54	54100	0.00	53999	0.00	0.00
2000-1-1 0:0:55	54189	0.00	54088	0.00	0.00
2000-1-1 0:0:55	54275	0.00	54176	0.00	0.00
2000-1-1 0:0:55	54361	0.00	54262	0.00	0.00
2000-1-1 0:0:55	54450	0.00	54348	0.00	0.00
2000-1-1 0:0:55	54538	0.00	54437	0.00	0.00
2000-1-1 0:0:55	54624	0.00	54525	0.00	0.00
2000-1-1 0:0:55	54715	0.00	54611	0.00	0.00
2000-1-1 0:0:55	54804	0.00	54703	0.00	0.00
2000-1-1 0:0:55	54891	0.00	54792	0.00	0.00
2000-1-1 0:0:55	54977	0.00	54879	0.00	0.00
2000-1-1 0:0:55	55065	0.00	54965	0.00	0.00
2000-1-1 0:0:56	55153	0.00	55052	0.00	0.00
2000-1-1 0:0:56	55240	0.00	55141	0.00	0.00
2000-1-1 0:0:56	55326	0.00	55228	0.00	0.00
2000-1-1 0:0:56	55413	0.00	55314	0.00	0.00
2000-1-1 0:0:56	55502	0.00	55401	0.00	0.00
2000-1-1 0:0:56	55589	0.00	55490	0.00	0.00
2000-1-1 0:0:56	55675	0.00	55577	0.00	0.00
2000-1-1 0:0:56	55768	0.00	55663	0.00	0.00
2000-1-1 0:0:56	55855	0.00	55755	0.00	0.00
2000-1-1 0:0:56	55942	0.00	55842	0.00	0.00
2000-1-1 0:0:56	56030	0.00	55929	0.00	0.00
2000-1-1 0:0:57	56117	0.00	56017	0.00	0.00
2000-1-1 0:0:57	56204	0.00	56104	0.00	0.00
2000-1-1 0:0:57	56291	0.00	56192	0.00	0.00
2000-1-1 0:0:57	56379	0.00	56279	0.00	0.00
2000-1-1 0:0:57	56466	0.00	56367	0.00	0.00
2000-1-1 0:0:57	56553	0.00	56454	0.00	0.00
2000-1-1 0:0:57	56640	0.00	56541	0.00	0.00
2000-1-1 0:0:57	56732	0.00	56628	0.00	0.00
2000-1-1 0:0:57	56819	0.00	56716	0.00	0.00
2000-1-1 0:0:57	56906	0.00	56806	0.00	0.00
2000-1-1 0:0:57	56995	0.00	56893	0.00	0.00
2000-1-1 0:0:57	57083	0.00	56983	0.00	0.00
2000-1-1 0:0:58	57169	0.00	57070	0.00	0.00
2000-1-1 0:0:58	57256	0.00	57156	0.00	0.00
2000-1-1 0:0:58	57345	0.00	57244	0.00	0.00
2000-1-1 0:0:58	57433	0.00	57332	0.00	0.00
2000-1-1 0:0:58	57519	0.00	57419	0.00	0.00
2000-1-1 0:0:58	57606	0.00	57506	0.00	0.00
2000-1-1 0:0:58	57694	0.00	57593	0.00	0.00
2000-1-1 0:0:58	57785	0.00	57681	0.00	0.00
2000-1-1 0:0:58	57871	0.00	57773	0.00	0.00
2000-1-1 0:0:58	57960	0.00	57859	0.00	0.00
2000-1-1 0:0:58	58048	0.00	57947	0.00	0.00
2000-1-1 0:0:59	58134	0.00	58036	0.00	0.00
2000-1-1 0:0:59	58220	0.00	58122	0.00	0.00
2000-1-1 0:0:59	58309	0.00	58208	0.00	0.00
2000-1-1 0:0:59	58397	0.00	58296	0.00	0.00
2000-1-1 0:0:59	58483	0.00	58385	0.00	0.00
2000-1-1 0:0:59	58569	0.00	58471	0.00	0.00
2000-1-1 0:0:59	58658	0.00	58557	0.00	0.00
2000-1-1 0:0:59	58746	0.00	58646	0.00	0.00
2000-1-1 0:0:59	58836	0.00	58734	0.00	0.00
2000-1-1 0:0:59	58924	0.00	58823	0.00	0.00
2000-1-1 0:0:59	59013	0.00	58911	0.00	0.00
2000-1-1 0:0:59	59100	0.00	59000	0.00	0.00
2000-1-1 0:1:0	59186	0.00	59087	0.00	0.00
2000-1-1 0:1:0	59273	0.00	59173	0.00	0.00
2000-1-1 0:1:0	59362	0.00	59260	0.00	0.00
2000-1-1 0:1:0	59449	0.00	59350	0.00	0.00
2000-1-1 0:1:0	59534	0.00	59437	0.00	0.00
2000-1-1 0:1:0	59622	0.00	59522	0.00	0.00
2000-1-1 0:1:0	59710	0.00	59610	0.00	0.00
2000-1-1 0:1:0	59801	0.00	59698	0.00	0.00
2000-1-1 0:1:0	59888	0.00	59785	0.00	0.00
2000-1-1 0:1:0	59975	0.00	59876	0.00	0.00
2000-1-1 0:1:0	60063	0.00	59963	0.00	0.00
2000-1-1 0:1:1	60150	0.00	60050	0.00	0.00
2000-1-1 0:1:1	60237	0.00	60137	0.00	0.00
2000-1-1 0:1:1	60324	0.00	60225	0.00	0.00
2000-1-1 0:1:1	60412	0.00	60312	0.00	0.00
2000-1-1 0:1:1	60499	0.00	60399	0.00	0.00
2000-1-1 0:1:1	60587	0.00	60486	0.00	0.00
2000-1-1 0:1:1	60674	0.00	60574	0.00	0.00
2000-1-1 0:1:1	60762	0.00	60661	0.00	0.00
2000-1-1 0:1:1	60853	0.00	60748	0.00	0.00
2000-1-1 0:1:1	60941	0.00	60835	0.00	0.00
2000-1-1 0:1:1	61027	0.00	60929	0.00	0.00
2000-1-1 0:1:2	61114	0.00	61015	0.00	0.00
2000-1-1 0:1:2	61204	0.00	61102	0.00	0.00
2000-1-1 0:1:2	61291	0.00	61191	0.00	0.00
2000-1-1 0:1:2	61377	0.00	61279	0.00	0.00
2000-1-1 0:1:2	61465	0.00	61365	0.00	0.00
2000-1-1 0:1:2	61553	0.00	61452	0.00	0.00
2000-1-1 0:1:2	61640	0.00	61541	0.00	0.00
2000-1-1 0:1:2	61726	0.00	61628	0.00	0.00
2000-1-1 0:1:2	61814	0.00	61714	0.00	0.00
2000-1-1 0:1:2	62137	0.00	61801	0.00	0.00
2000-1-1 0:1:3	62300	0.00	61890	0.00	0.00
2000-1-1 0:1:3	62385	0.00	62286	0.00	0.00
2000-1-1 0:1:3	62471	0.00	62372	0.00	0.00
2000-1-1 0:1:3	62557	0.00	62458	0.00	0.00
2000-1-1 0:1:3	62646	0.00	62544	0.00	0.00
2000-1-1 0:1:3	62734	0.00	62632	0.00	0.00
2000-1-1 0:1:3	62820	0.00	62721	0.00	0.00
2000-1-1 0:1:3	62906	0.00	62808	0.00	0.00
2000-1-1 0:1:3	62994	0.00	62894	0.00	0.00
2000-1-1 0:1:3	63083	0.00	62982	0.00	0.00
2000-1-1 0:1:4	63169	0.00	63070	0.00	0.00
2000-1-1 0:1:4	63259	0.00	63157	0.00	0.00
2000-1-1 0:1:4	63348	0.00	63247	0.00	0.00
2000-1-1 0:1:4	63435	0.00	63336	0.00	0.00
2000-1-1 0:1:4	63521	0.00	63423	0.00	0.00
2000-1-1 0:1:4	63608	0.00	63509	0.00	0.00
2000-1-1 0:1:4	63697	0.00	63596	0.00	0.00
2000-1-1 0:1:4	63784	0.00	63685	0.00	0.00
2000-1-1 0:1:4	63870	0.00	63772	0.00	0.00
2000-1-1 0:1:4	63958	0.00	63858	0.00	0.00
2000-1-1 0:1:4	64047	0.00	63945	0.00	0.00
2000-1-1 0:1:5	64134	0.00	64034	0.00	0.00
2000-1-1 0:1:5	64220	0.00	64121	0.00	0.00
2000-1-1 0:1:5	64312	0.00	64207	0.00	0.00
2000-1-1 0:1:5	64399	0.00	64300	0.00	0.00
2000-1-1 0:1:5	64486	0.00	64387	0.00	0.00
2000-1-1 0:1:5	64574	0.00	64474	0.00	0.00
2000-1-1 0:1:5	64661	0.00	64561	0.00	0.00
2000-1-1 0:1:5	64748	0.00	64648	0.00	0.00
2000-1-1 0:1:5	64835	0.00	64736	0.00	0.00
2000-1-1 0:1:5	64922	0.00	64823	0.00	0.00
2000-1-1 0:1:5	65010	0.00	64910	0.00	0.00
2000-1-1 0:1:5	65097	0.00	64997	0.00	0.00
2000-1-1 0:1:6	65184	0.00	65085	0.00	0.00
2000-1-1 0:1:6	65271	0.00	65172	0.00	0.00
2000-1-1 0:1:6	65362	0.00	65259	0.00	0.00
2000-1-1 0:1:6	65449	0.00	65350	0.00	0.00
2000-1-1 0:1:6	65539	0.00	65437	0.00	0.00
2000-1-1 0:1:6	65627	0.00	65526	0.00	0.00
2000-1-1 0:1:6	65713	0.00	65614	0.00	0.00
2000-1-1 0:1:6	65800	0.00	65700	0.00	0.00
2000-1-1 0:1:6	65889	0.00	65787	0.00	0.00
2000-1-1 0:1:6	65976	0.00	65875	0.00	0.00
2000-1-1 0:1:6	66062	0.00	65963	0.00	0.00
2000-1-1 0:1:7	66149	0.00	66050	0.00	0.00
2000-1-1 0:1:7	66237	0.00	66137	0.00	0.00
2000-1-1 0:1:7	66325	0.00	66225	0.00	0.00
2000-1-1 0:1:7	66414	0.00	66312	0.00	0.00
2000-1-1 0:1:7	66503	0.00	66402	0.00	0.00
2000-1-1 0:1:7	66591	0.00	66491	0.00	0.00
2000-1-1 0:1:7	66677	0.00	66579	0.00	0.00
2000-1-1 0:1:7	66763	0.00	66665	0.00	0.00
2000-1-1 0:1:7	66852	0.00	66751	0.00	0.00
2000-1-1 0:1:7	66940	0.00	66839	0.00	0.00
2000-1-1 0:1:7	67026	0.00	66928	0.00	0.00
2000-1-1 0:1:8	67112	0.00	67014	0.00	0.00
2000-1-1 0:1:8	67202	0.00	67100	0.00	0.00
2000-1-1 0:1:8	67290	0.00	67188	0.00	0.00
2000-1-1 0:1:8	67376	0.00	67277	0.00	0.00
2000-1-1 0:1:8	67467	0.00	67363	0.00	0.00
2000-1-1 0:1:8	67555	0.00	67453	0.00	0.00
2000-1-1 0:1:8	67642	0.00	67543	0.00	0.00
2000-1-1 0:1:8	67728	0.00	67630	0.00	0.00
2000-1-1 0:1:8	67816	0.00	67716	0.00	0.00
2000-1-1 0:1:8	67904	0.00	67803	0.00	0.00
2000-1-1 0:1:8	67991	0.00	67892	0.00	0.00
2000-1-1 0:1:8	68077	0.00	67979	0.00	0.00
2000-1-1 0:1:9	68164	0.00	68064	0.00	0.00
2000-1-1 0:1:9	68252	0.00	68152	0.00	0.00
2000-1-1 0:1:9	68339	0.00	68240	0.00	0.00
2000-1-1 0:1:9	68425	0.00	68327	0.00	0.00
2000-1-1 0:1:9	68517	0.00	68413	0.00	0.00
2000-1-1 0:1:9	68604	0.00	68505	0.00	0.00
2000-1-1 0:1:9	68692	0.00	68592	0.00	0.00
2000-1-1 0:1:9	68780	0.00	68679	0.00	0.00
2000-1-1 0:1:9	68867	0.00	68767	0.00	0.00
2000-1-1 0:1:9	68955	0.00	68854	0.00	0.00
2000-1-1 0:1:9	69042	0.00	68941	0.00	0.00
2000-1-1 0:1:10	69129	0.00	69028	0.00	0.00
2000-1-1 0:1:10	69216	0.00	69116	0.00	0.00
2000-1-1 0:1:10	69304	0.00	69203	0.00	0.00
2000-1-1 0:1:10	69391	0.00	69291	0.00	0.00
2000-1-1 0:1:10	69483	0.00	69378	0.00	0.00
2000-1-1 0:1:10	69569	0.00	69466	0.00	0.00
2000-1-1 0:1:10	69656	0.00	69556	0.00	0.00
2000-1-1 0:1:10	69745	0.00	69644	0.00	0.00
2000-1-1 0:1:10	69833	0.00	69733	0.00	0.00
2000-1-1 0:1:10	69919	0.00	69821	0.00	0.00
2000-1-1 0:1:10	70007	0.00	69907	0.00	0.00
2000-1-1 0:1:10	70095	0.00	69994	0.00	0.00
2000-1-1 0:1:11	70182	0.00	70083	0.00	0.00
2000-1-1 0:1:11	70268	0.00	70170	0.00	0.00
2000-1-1 0:1:11	70356	0.00	70256	0.00	0.00
2000-1-1 0:1:11	70445	0.00	70343	0.00	0.00
2000-1-1 0:1:11	70861	0.00	70432	0.00	0.00
2000-1-1 0:1:11	70947	0.00	70849	0.00	0.00
2000-1-1 0:1:11	71033	0.00	70935	0.00	0.00
2000-1-1 0:1:12	71120	0.00	71021	0.00	0.00
2000-1-1 0:1:12	71208	0.00	71107	0.00	0.00
2000-1-1 0:1:12	71297	0.00	71196	0.00	0.00
2000-1-1 0:1:12	71383	0.00	71284	0.00	0.00
2000-1-1 0:1:12	71470	0.00	71370	0.00	0.00
2000-1-1 0:1:12	71558	0.00	71456	0.00	0.00
2000-1-1 0:1:12	71647	0.00	71545	0.00	0.00
2000-1-1 0:1:12	71733	0.00	71634	0.00	0.00
2000-1-1 0:1:12	71819	0.00	71720	0.00	0.00
2000-1-1 0:1:12	71913	0.00	71806	0.00	0.00
2000-1-1 0:1:12	72000	0.00	71900	0.00	0.00
2000-1-1 0:1:12	72086	0.00	71988	0.00	0.00
2000-1-1 0:1:13	72173	0.00	72074	0.00	0.00
2000-1-1 0:1:13	72262	0.00	72161	0.00	0.00
2000-1-1 0:1:13	72349	0.00	72250	0.00	0.00
2000-1-1 0:1:13	72435	0.00	72337	0.00	0.00
2000-1-1 0:1:13	72523	0.00	72423	0.00	0.00
2000-1-1 0:1:13	72611	0.00	72511	0.00	0.00
2000-1-1 0:1:13	72699	0.00	72599	0.00	0.00
2000-1-1 0:1:13	72785	0.00	72686	0.00	0.00
2000-1-1 0:1:13	72878	0.00	72773	0.00	0.00
2000-1-1 0:1:13	72965	0.00	72860	0.00	0.00
2000-1-1 0:1:13	73053	0.00	72952	0.00	0.00
2000-1-1 0:1:14	73140	0.00	73039	0.00	0.00
2000-1-1 0:1:14	73227	0.00	73127	0.00	0.00
2000-1-1 0:1:14	73315	0.00	73214	0.00	0.00
2000-1-1 0:1:14	73402	0.00	73302	0.00	0.00
2000-1-1 0:1:14	73489	0.00	73390	0.00	0.00
2000-1-1 0:1:14	73577	0.00	73477	0.00	0.00
2000-1-1 0:1:14	73664	0.00	73564	0.00	0.00
2000-1-1 0:1:14	73751	0.00	73652	0.00	0.00
2000-1-1 0:1:14	73839	0.00	73739	0.00	0.00
2000-1-1 0:1:14	73930	0.00	73827	0.00	0.00
2000-1-1 0:1:14	74017	0.00	73917	0.00	0.00
2000-1-1 0:1:15	74106	0.00	74005	0.00	0.00
2000-1-1 0:1:15	74194	0.00	74093	0.00	0.00
2000-1-1 0:1:15	74280	0.00	74181	0.00	0.00
2000-1-1 0:1:15	74368	0.00	74268	0.00	0.00
2000-1-1 0:1:15	74457	0.00	74355	0.00	0.00
2000-1-1 0:1:15	74544	0.00	74443	0.00	0.00
2000-1-1 0:1:15	74630	0.00	74531	0.00	0.00
2000-1-1 0:1:15	74718	0.00	74617	0.00	0.00
2000-1-1 0:1:15	74806	0.00	74704	0.00	0.00
2000-1-1 0:1:15	74893	0.00	74793	0.00	0.00
2000-1-1 0:1:15	74983	0.00	74881	0.00	0.00
2000-1-1 0:1:15	75072	0.00	74971	0.00	0.00
2000-1-1 0:1:16	75160	0.00	75060	0.00	0.00
2000-1-1 0:1:16	75247	0.00	75148	0.00	0.00
2000-1-1 0:1:16	75333	0.00	75234	0.00	0.00
2000-1-1 0:1:16	75422	0.00	75320	0.00	0.00
2000-1-1 0:1:16	75510	0.00	75409	0.00	0.00
2000-1-1 0:1:16	75596	0.00	75498	0.00	0.00
2000-1-1 0:1:16	75682	0.00	75584	0.00	0.00
2000-1-1 0:1:16	75771	0.00	75670	0.00	0.00
2000-1-1 0:1:16	75860	0.00	75759	0.00	0.00
2000-1-1 0:1:16	75950	0.00	75847	0.00	0.00
2000-1-1 0:1:16	76038	0.00	75934	0.00	0.00
2000-1-1 0:1:17	76126	0.00	76024	0.00	0.00
2000-1-1 0:1:17	76213	0.00	76113	0.00	0.00
2000-1-1 0:1:17	76300	0.00	76200	0.00	0.00
2000-1-1 0:1:17	76387	0.00	76286	0.00	0.00
2000-1-1 0:1:17	76476	0.00	76375	0.00	0.00
2000-1-1 0:1:17	76563	0.00	76463	0.00	0.00
2000-1-1 0:1:17	76649	0.00	76551	0.00	0.00
2000-1-1 0:1:17	76737	0.00	76637	0.00	0.00
2000-1-1 0:1:17	76825	0.00	76724	0.00	0.00
2000-1-1 0:1:17	76912	0.00	76813	0.00	0.00
2000-1-1 0:1:17	77003	0.00	76900	0.00	0.00
2000-1-1 0:1:17	77091	0.00	76991	0.00	0.00
2000-1-1 0:1:18	77178	0.00	77078	0.00	0.00
2000-1-1 0:1:18	77265	0.00	77166	0.00	0.00
2000-1-1 0:1:18	77353	0.00	77253	0.00	0.00
2000-1-1 0:1:18	77441	0.00	77340	0.00	0.00
2000-1-1 0:1:18	77529	0.00	77428	0.00	0.00
2000-1-1 0:1:18	77615	0.00	77515	0.00	0.00
2000-1-1 0:1:18	77703	0.00	77602	0.00	0.00
2000-1-1 0:1:18	77790	0.00	77689	0.00	0.00
2000-1-1 0:1:18	77877	0.00	77777	0.00	0.00
2000-1-1 0:1:18	77969	0.00	77864	0.00	0.00
2000-1-1 0:1:18	78057	0.00	77952	0.00	0.00
2000-1-1 0:1:19	78143	0.00	78045	0.00	0.00
2000-1-1 0:1:19	78231	0.00	78131	0.00	0.00
2000-1-1 0:1:19	78320	0.00	78219	0.00	0.00
2000-1-1 0:1:19	78408	0.00	78308	0.00	0.00
2000-1-1 0:1:19	78494	0.00	78396	0.00	0.00
2000-1-1 0:1:19	78582	0.00	78482	0.00	0.00
2000-1-1 0:1:19	78670	0.00	78569	0.00	0.00
2000-1-1 0:1:19	78758	0.00	78658	0.00	0.00
2000-1-1 0:1:19	78844	0.00	78745	0.00	0.00
2000-1-1 0:1:19	78931	0.00	78831	0.00	0.00
2000-1-1 0:1:20	79343	0.00	78919	0.00	0.00
2000-1-1 0:1:20	79429	0.00	79331	0.00	0.00
2000-1-1 0:1:20	79515	0.00	79417	0.00	0.00
2000-1-1 0:1:20	79601	0.00	79503	0.00	0.00
2000-1-1 0:1:20	79690	0.00	79589	0.00	0.00
2000-1-1 0:1:20	79778	0.00	79678	0.00	0.00
2000-1-1 0:1:20	79864	0.00	79766	0.00	0.00
2000-1-1 0:1:20	79950	0.00	79852	0.00	0.00
2000-1-1 0:1:20	80039	0.00	79938	0.00	0.00
2000-1-1 0:1:21	80128	0.00	80027	0.00	0.00
2000-1-1 0:1:21	80214	0.00	80115	0.00	0.00
2000-1-1 0:1:21	80300	0.00	80201	0.00	0.00
2000-1-1 0:1:21	80394	0.00	80287	0.00	0.00
2000-1-1 0:1:21	80481	0.00	80380	0.00	0.00
2000-1-1 0:1:21	80567	0.00	80468	0.00	0.00
2000-1-1 0:1:21	80654	0.00	80555	0.00	0.00
2000-1-1 0:1:21	80743	0.00	80642	0.00	0.00
2000-1-1 0:1:21	80830	0.00	80731	0.00	0.00
2000-1-1 0:1:21	80916	0.00	80818	0.00	0.00
2000-1-1 0:1:21	81004	0.00	80904	0.00	0.00
2000-1-1 0:1:21	81092	0.00	80991	0.00	0.00
2000-1-1 0:1:22	81180	0.00	81080	0.00	0.00
2000-1-1 0:1:22	81266	0.00	81167	0.00	0.00
2000-1-1 0:1:22	81358	0.00	81253	0.00	0.00
2000-1-1 0:1:22	81445	0.00	81341	0.00	0.00
2000-1-1 0:1:22	81532	0.00	81433	0.00	0.00
2000-1-1 0:1:22	81620	0.00	81520	0.00	0.00
2000-1-1 0:1:22	81708	0.00	81607	0.00	0.00
2000-1-1 0:1:22	81795	0.00	81694	0.00	0.00
2000-1-1 0:1:22	81882	0.00	81782	0.00	0.00
2000-1-1 0:1:22	81970	0.00	81869	0.00	0.00
2000-1-1 0:1:22	82057	0.00	81956	0.00	0.00
2000-1-1 0:1:23	82144	0.00	82044	0.00	0.00
2000-1-1 0:1:23	82231	0.00	82131	0.00	0.00
2000-1-1 0:1:23	82319	0.00	82219	0.00	0.00
2000-1-1 0:1:23	82409	0.00	82306	0.00	0.00
2000-1-1 0:1:23	82496	0.00	82397	0.00	0.00
2000-1-1 0:1:23	82585	0.00	82484	0.00	0.00
2000-1-1 0:1:23	82673	0.00	82573	0.00	0.00
2000-1-1 0:1:23	82759	0.00	82661	0.00	0.00
2000-1-1 0:1:23	82847	0.00	82747	0.00	0.00
2000-1-1 0:1:23	82935	0.00	82834	0.00	0.00
2000-1-1 0:1:23	83022	0.00	82923	0.00	0.00
2000-1-1 0:1:24	83109	0.00	83010	0.00	0.00
2000-1-1 0:1:24	83196	0.00	83096	0.00	0.00
2000-1-1 0:1:24	83284	0.00	83184	0.00	0.00
2000-1-1 0:1:24	83373	0.00	83272	0.00	0.00
2000-1-1 0:1:24	83462	0.00	83359	0.00	0.00
2000-1-1 0:1:24	83551	0.00	83449	0.00	0.00
2000-1-1 0:1:24	83639	0.00	83537	0.00	0.00
2000-1-1 0:1:24	83725	0.00	83627	0.00	0.00
2000-1-1 0:1:24	83811	0.00	83713	0.00	0.00
2000-1-1 0:1:24	83900	0.00	83799	0.00	0.00
2000-1-1 0:1:24	83988	0.00	83888	0.00	0.00
2000-1-1 0:1:24	84075	0.00	83976	0.00	0.00
2000-1-1 0:1:25	84161	0.00	84062	0.00	0.00
2000-1-1 0:1:25	84249	0.00	84148	0.00	0.00
2000-1-1 0:1:25	84338	0.00	84237	0.00	0.00
2000-1-1 0:1:25	84427	0.00	84325	0.00	0.00
2000-1-1 0:1:25	84515	0.00	84412	0.00	0.00
2000-1-1 0:1:25	84603	0.00	84502	0.00	0.00
2000-1-1 0:1:25	84690	0.00	84591	0.00	0.00
2000-1-1 0:1:25	84777	0.00	84678	0.00	0.00
2000-1-1 0:1:25	84865	0.00	84764	0.00	0.00
2000-1-1 0:1:25	84954	0.00	84852	0.00	0.00
2000-1-1 0:1:25	85041	0.00	84940	0.00	0.00
2000-1-1 0:1:26	85127	0.00	85027	0.00	0.00
2000-1-1 0:1:26	85214	0.00	85113	0.00	0.00
2000-1-1 0:1:26	85303	0.00	85201	0.00	0.00
2000-1-1 0:1:26	85390	0.00	85289	0.00	0.00
2000-1-1 0:1:26	85481	0.00	85378	0.00	0.00
2000-1-1 0:1:26	85568	0.00	85469	0.00	0.00
2000-1-1 0:1:26	85655	0.00	85556	0.00	0.00
2000-1-1 0:1:26	85742	0.00	85643	0.00	0.00
2000-1-1 0:1:26	85829	0.00	85730	0.00	0.00
2000-1-1 0:1:26	85917	0.00	85817	0.00	0.00
2000-1-1 0:1:26	86004	0.00	85904	0.00	0.00
2000-1-1 0:1:26	86091	0.00	85992	0.00	0.00
2000-1-1 0:1:27	86179	0.00	86079	0.00	0.00
2000-1-1 0:1:27	86266	0.00	86166	0.00	0.00
2000-1-1 0:1:27	86353	0.00	86253	0.00	0.00
2000-1-1 0:1:27	86440	0.00	86341	0.00	0.00
2000-1-1 0:1:27	86534	0.00	86428	0.00	0.00
2000-1-1 0:1:27	86620	0.00	86521	0.00	0.00
2000-1-1 0:1:27	86707	0.00	86607	0.00	0.00
2000-1-1 0:1:27	86797	0.00	86694	0.00	0.00
2000-1-1 0:1:27	86885	0.00	86784	0.00	0.00
2000-1-1 0:1:27	86971	0.00	86872	0.00	0.00
2000-1-1 0:1:27	87058	0.00	86958	0.00	0.00
2000-1-1 0:1:28	87147	0.00	87046	0.00	0.00
2000-1-1 0:1:28	87234	0.00	87134	0.00	0.00
2000-1-1 0:1:28	87320	0.00	87221	0.00	0.00
2000-1-1 0:1:28	87407	0.00	87308	0.00	0.00
