2000-1-1 2:25:27	9352	0.00	0	nan	0.00
2000-1-1 2:25:28	9507	0.00	8944	0.00	0.00
2000-1-1 2:25:28	9589	0.00	9499	0.00	0.00
2000-1-1 2:25:28	9671	0.00	9581	0.00	0.00
2000-1-1 2:25:28	9752	0.00	9663	0.00	0.00
2000-1-1 2:25:28	9836	0.00	9744	0.00	0.00
2000-1-1 2:25:54	35526	0.00	9828	0.00	0.00
2000-1-1 2:25:54	35608	0.00	35518	0.00	0.00
2000-1-1 2:25:54	35690	0.00	35600	0.00	0.00
2000-1-1 2:25:54	35774	0.00	35682	0.00	0.00
2000-1-1 2:25:54	35858	0.00	35766	0.00	0.00
2000-1-1 2:25:54	35940	0.00	35850	0.00	0.00
2000-1-1 2:25:55	36027	0.00	35932	0.00	0.00
2000-1-1 2:25:55	36111	0.00	36019	0.00	0.00
2000-1-1 2:25:55	36194	0.00	36103	0.00	0.00
2000-1-1 2:25:55	36275	0.00	36186	0.00	0.00
2000-1-1 2:25:55	36359	0.00	36267	0.00	0.00
2000-1-1 2:25:55	36443	0.00	36350	0.00	0.00
2000-1-1 2:25:55	36526	0.00	36434	0.00	0.00
2000-1-1 2:25:55	36606	0.00	36517	0.00	0.00
2000-1-1 2:25:55	36690	0.00	36598	0.00	0.00
2000-1-1 2:25:55	36774	0.00	36682	0.00	0.00
2000-1-1 2:25:55	36857	0.00	36766	0.00	0.00
2000-1-1 2:25:55	36943	0.00	36849	0.00	0.00
2000-1-1 2:25:56	37025	0.00	36930	0.00	0.00
2000-1-1 2:25:56	37109	0.00	37017	0.00	0.00
2000-1-1 2:25:56	37191	0.00	37101	0.00	0.00
2000-1-1 2:25:56	37274	0.00	37183	0.00	0.00
2000-1-1 2:25:56	37357	0.00	37267	0.00	0.00
2000-1-1 2:25:56	37440	0.00	37349	0.00	0.00
2000-1-1 2:25:56	37523	0.00	37432	0.00	0.00
2000-1-1 2:25:56	37606	0.00	37515	0.00	0.00
2000-1-1 2:25:56	37689	0.00	37598	0.00	0.00
2000-1-1 2:25:56	37772	0.00	37681	0.00	0.00
2000-1-1 2:25:56	37854	0.00	37764	0.00	0.00
2000-1-1 2:25:56	37942	0.00	37847	0.00	0.00
2000-1-1 2:25:57	38024	0.00	37934	0.00	0.00
2000-1-1 2:25:57	38107	0.00	38016	0.00	0.00
2000-1-1 2:25:57	38192	0.00	38098	0.00	0.00
2000-1-1 2:25:57	38275	0.00	38183	0.00	0.00
2000-1-1 2:25:57	38356	0.00	38266	0.00	0.00
2000-1-1 2:25:57	38438	0.00	38348	0.00	0.00
2000-1-1 2:25:57	38522	0.00	38430	0.00	0.00
2000-1-1 2:25:57	38605	0.00	38514	0.00	0.00
2000-1-1 2:25:57	38687	0.00	38597	0.00	0.00
2000-1-1 2:25:57	38770	0.00	38679	0.00	0.00
2000-1-1 2:25:57	38859	0.00	38762	0.00	0.00
2000-1-1 2:25:57	38940	0.00	38851	0.00	0.00
2000-1-1 2:25:58	39022	0.00	38932	0.00	0.00
2000-1-1 2:25:58	39106	0.00	39014	0.00	0.00
2000-1-1 2:25:58	39190	0.00	39098	0.00	0.00
2000-1-1 2:25:58	39272	0.00	39182	0.00	0.00
2000-1-1 2:25:58	39354	0.00	39264	0.00	0.00
2000-1-1 2:25:58	39438	0.00	39346	0.00	0.00
2000-1-1 2:25:58	39522	0.00	39430	0.00	0.00
2000-1-1 2:25:58	39604	0.00	39514	0.00	0.00
2000-1-1 2:25:58	39686	0.00	39596	0.00	0.00
2000-1-1 2:25:58	39775	0.00	39677	0.00	0.00
2000-1-1 2:25:58	39858	0.00	39761	0.00	0.00
2000-1-1 2:25:58	39940	0.00	39849	0.00	0.00
2000-1-1 2:25:59	40023	0.00	39931	0.00	0.00
2000-1-1 2:25:59	40107	0.00	40014	0.00	0.00
2000-1-1 2:25:59	40189	0.00	40098	0.00	0.00
2000-1-1 2:25:59	40271	0.00	40181	0.00	0.00
2000-1-1 2:25:59	40354	0.00	40263	0.00	0.00
2000-1-1 2:25:59	40438	0.00	40346	0.00	0.00
2000-1-1 2:25:59	40521	0.00	40430	0.00	0.00
2000-1-1 2:25:59	40603	0.00	40513	0.00	0.00
2000-1-1 2:25:59	40686	0.00	40595	0.00	0.00
2000-1-1 2:25:59	40774	0.00	40678	0.00	0.00
2000-1-1 2:25:59	40856	0.00	40766	0.00	0.00
2000-1-1 2:25:59	40940	0.00	40848	0.00	0.00
2000-1-1 2:26:0	41023	0.00	40932	0.00	0.00
2000-1-1 2:26:0	41105	0.00	41015	0.00	0.00
2000-1-1 2:26:0	41188	0.00	41098	0.00	0.00
2000-1-1 2:26:0	41272	0.00	41180	0.00	0.00
2000-1-1 2:26:0	41354	0.00	41264	0.00	0.00
2000-1-1 2:26:0	41437	0.00	41347	0.00	0.00
2000-1-1 2:26:0	41520	0.00	41430	0.00	0.00
2000-1-1 2:26:0	41603	0.00	41511	0.00	0.00
2000-1-1 2:26:0	41690	0.00	41594	0.00	0.00
2000-1-1 2:26:0	41773	0.00	41677	0.00	0.00
2000-1-1 2:26:0	41857	0.00	41764	0.00	0.00
2000-1-1 2:26:0	41940	0.00	41849	0.00	0.00
2000-1-1 2:26:1	42022	0.00	41932	0.00	0.00
2000-1-1 2:26:1	42105	0.00	42014	0.00	0.00
2000-1-1 2:26:1	42190	0.00	42097	0.00	0.00
2000-1-1 2:26:1	42273	0.00	42182	0.00	0.00
2000-1-1 2:26:1	42354	0.00	42265	0.00	0.00
2000-1-1 2:26:1	42437	0.00	42346	0.00	0.00
2000-1-1 2:26:1	42521	0.00	42429	0.00	0.00
2000-1-1 2:26:1	42604	0.00	42514	0.00	0.00
2000-1-1 2:26:2	43010	0.00	42596	0.00	0.00
2000-1-1 2:26:2	43094	0.00	42999	0.00	0.00
2000-1-1 2:26:2	43177	0.00	43083	0.00	0.00
2000-1-1 2:26:2	43261	0.00	43167	0.00	0.00
2000-1-1 2:26:2	43347	0.00	43251	0.00	0.00
2000-1-1 2:26:2	43433	0.00	43337	0.00	0.00
2000-1-1 2:26:2	43517	0.00	43423	0.00	0.00
2000-1-1 2:26:2	43601	0.00	43507	0.00	0.00
2000-1-1 2:26:2	43688	0.00	43591	0.00	0.00
2000-1-1 2:26:2	43774	0.00	43678	0.00	0.00
2000-1-1 2:26:2	43858	0.00	43764	0.00	0.00
2000-1-1 2:26:2	43942	0.00	43848	0.00	0.00
2000-1-1 2:26:3	44034	0.00	43932	0.00	0.00
2000-1-1 2:26:3	44119	0.00	44023	0.00	0.00
2000-1-1 2:26:3	44203	0.00	44108	0.00	0.00
2000-1-1 2:26:3	44288	0.00	44192	0.00	0.00
2000-1-1 2:26:3	44375	0.00	44277	0.00	0.00
2000-1-1 2:26:3	44459	0.00	44363	0.00	0.00
2000-1-1 2:26:3	44542	0.00	44448	0.00	0.00
2000-1-1 2:26:3	44628	0.00	44532	0.00	0.00
2000-1-1 2:26:3	44715	0.00	44618	0.00	0.00
2000-1-1 2:26:3	44800	0.00	44704	0.00	0.00
2000-1-1 2:26:3	44883	0.00	44789	0.00	0.00
2000-1-1 2:26:3	44974	0.00	44873	0.00	0.00
2000-1-1 2:26:4	45059	0.00	44958	0.00	0.00
2000-1-1 2:26:4	45144	0.00	45048	0.00	0.00
2000-1-1 2:26:4	45229	0.00	45133	0.00	0.00
2000-1-1 2:26:4	45314	0.00	45218	0.00	0.00
2000-1-1 2:26:4	45400	0.00	45303	0.00	0.00
2000-1-1 2:26:4	45484	0.00	45388	0.00	0.00
2000-1-1 2:26:4	45570	0.00	45473	0.00	0.00
2000-1-1 2:26:4	45655	0.00	45559	0.00	0.00
2000-1-1 2:26:4	45740	0.00	45644	0.00	0.00
2000-1-1 2:26:4	45825	0.00	45729	0.00	0.00
2000-1-1 2:26:4	45910	0.00	45814	0.00	0.00
2000-1-1 2:26:5	45999	0.00	45899	0.00	0.00
2000-1-1 2:26:5	46084	0.00	45987	0.00	0.00
2000-1-1 2:26:5	46171	0.00	46073	0.00	0.00
2000-1-1 2:26:5	46256	0.00	46160	0.00	0.00
2000-1-1 2:26:5	46340	0.00	46245	0.00	0.00
2000-1-1 2:26:5	46425	0.00	46329	0.00	0.00
2000-1-1 2:26:5	46512	0.00	46414	0.00	0.00
2000-1-1 2:26:5	46597	0.00	46501	0.00	0.00
2000-1-1 2:26:5	46681	0.00	46586	0.00	0.00
2000-1-1 2:26:5	46766	0.00	46670	0.00	0.00
2000-1-1 2:26:5	46852	0.00	46755	0.00	0.00
2000-1-1 2:26:5	46937	0.00	46841	0.00	0.00
2000-1-1 2:26:6	47025	0.00	46926	0.00	0.00
2000-1-1 2:26:6	47111	0.00	47014	0.00	0.00
2000-1-1 2:26:6	47198	0.00	47100	0.00	0.00
2000-1-1 2:26:6	47281	0.00	47186	0.00	0.00
2000-1-1 2:26:6	47365	0.00	47270	0.00	0.00
2000-1-1 2:26:6	47452	0.00	47354	0.00	0.00
2000-1-1 2:26:6	47538	0.00	47441	0.00	0.00
2000-1-1 2:26:6	47622	0.00	47527	0.00	0.00
2000-1-1 2:26:6	47706	0.00	47611	0.00	0.00
2000-1-1 2:26:6	47793	0.00	47695	0.00	0.00
2000-1-1 2:26:6	47879	0.00	47781	0.00	0.00
2000-1-1 2:26:6	47966	0.00	47868	0.00	0.00
2000-1-1 2:26:7	48051	0.00	47952	0.00	0.00
2000-1-1 2:26:7	48138	0.00	48040	0.00	0.00
2000-1-1 2:26:7	48223	0.00	48128	0.00	0.00
2000-1-1 2:26:7	48307	0.00	48212	0.00	0.00
2000-1-1 2:26:7	48392	0.00	48296	0.00	0.00
2000-1-1 2:26:7	48478	0.00	48381	0.00	0.00
2000-1-1 2:26:7	48563	0.00	48467	0.00	0.00
2000-1-1 2:26:7	48647	0.00	48552	0.00	0.00
2000-1-1 2:26:7	48732	0.00	48636	0.00	0.00
2000-1-1 2:26:7	48819	0.00	48721	0.00	0.00
2000-1-1 2:26:7	48904	0.00	48808	0.00	0.00
2000-1-1 2:26:8	48992	0.00	48893	0.00	0.00
2000-1-1 2:26:8	49077	0.00	48982	0.00	0.00
2000-1-1 2:26:8	49162	0.00	49067	0.00	0.00
2000-1-1 2:26:8	49247	0.00	49152	0.00	0.00
2000-1-1 2:26:8	49333	0.00	49236	0.00	0.00
2000-1-1 2:26:8	49418	0.00	49323	0.00	0.00
2000-1-1 2:26:8	49503	0.00	49408	0.00	0.00
2000-1-1 2:26:8	49588	0.00	49492	0.00	0.00
2000-1-1 2:26:8	49673	0.00	49577	0.00	0.00
2000-1-1 2:26:8	49758	0.00	49662	0.00	0.00
2000-1-1 2:26:8	49844	0.00	49747	0.00	0.00
2000-1-1 2:26:8	49933	0.00	49832	0.00	0.00
2000-1-1 2:26:9	50019	0.00	49918	0.00	0.00
2000-1-1 2:26:9	50103	0.00	50009	0.00	0.00
2000-1-1 2:26:9	50188	0.00	50093	0.00	0.00
2000-1-1 2:26:9	50275	0.00	50178	0.00	0.00
2000-1-1 2:26:9	50361	0.00	50265	0.00	0.00
2000-1-1 2:26:9	50445	0.00	50351	0.00	0.00
2000-1-1 2:26:9	50530	0.00	50435	0.00	0.00
2000-1-1 2:26:9	50616	0.00	50520	0.00	0.00
2000-1-1 2:26:9	50701	0.00	50606	0.00	0.00
2000-1-1 2:26:9	50785	0.00	50691	0.00	0.00
2000-1-1 2:26:9	50871	0.00	50775	0.00	0.00
2000-1-1 2:26:10	51277	0.00	50861	0.00	0.00
2000-1-1 2:26:10	51361	0.00	51267	0.00	0.00
2000-1-1 2:26:10	51445	0.00	51351	0.00	0.00
2000-1-1 2:26:10	51529	0.00	51435	0.00	0.00
2000-1-1 2:26:10	51615	0.00	51519	0.00	0.00
2000-1-1 2:26:10	51701	0.00	51605	0.00	0.00
2000-1-1 2:26:10	51785	0.00	51691	0.00	0.00
2000-1-1 2:26:10	51869	0.00	51775	0.00	0.00
2000-1-1 2:26:10	51955	0.00	51859	0.00	0.00
2000-1-1 2:26:11	52042	0.00	51945	0.00	0.00
2000-1-1 2:26:11	52126	0.00	52032	0.00	0.00
2000-1-1 2:26:11	52214	0.00	52116	0.00	0.00
2000-1-1 2:26:11	52301	0.00	52200	0.00	0.00
2000-1-1 2:26:11	52386	0.00	52291	0.00	0.00
2000-1-1 2:26:11	52470	0.00	52376	0.00	0.00
2000-1-1 2:26:11	52555	0.00	52460	0.00	0.00
2000-1-1 2:26:11	52641	0.00	52545	0.00	0.00
2000-1-1 2:26:11	52726	0.00	52631	0.00	0.00
2000-1-1 2:26:11	52810	0.00	52716	0.00	0.00
2000-1-1 2:26:11	52896	0.00	52800	0.00	0.00
2000-1-1 2:26:12	52982	0.00	52885	0.00	0.00
2000-1-1 2:26:12	53067	0.00	52972	0.00	0.00
2000-1-1 2:26:12	53151	0.00	53057	0.00	0.00
2000-1-1 2:26:12	53241	0.00	53141	0.00	0.00
2000-1-1 2:26:12	53326	0.00	53231	0.00	0.00
2000-1-1 2:26:12	53411	0.00	53316	0.00	0.00
2000-1-1 2:26:12	53496	0.00	53401	0.00	0.00
2000-1-1 2:26:12	53581	0.00	53486	0.00	0.00
2000-1-1 2:26:12	53666	0.00	53571	0.00	0.00
2000-1-1 2:26:12	53751	0.00	53656	0.00	0.00
2000-1-1 2:26:12	53837	0.00	53741	0.00	0.00
2000-1-1 2:26:12	53922	0.00	53826	0.00	0.00
2000-1-1 2:26:13	54007	0.00	53911	0.00	0.00
2000-1-1 2:26:13	54092	0.00	53997	0.00	0.00
2000-1-1 2:26:13	54181	0.00	54082	0.00	0.00
2000-1-1 2:26:13	54265	0.00	54167	0.00	0.00
2000-1-1 2:26:13	54350	0.00	54255	0.00	0.00
2000-1-1 2:26:13	54438	0.00	54340	0.00	0.00
2000-1-1 2:26:13	54523	0.00	54427	0.00	0.00
2000-1-1 2:26:13	54607	0.00	54513	0.00	0.00
2000-1-1 2:26:13	54692	0.00	54597	0.00	0.00
2000-1-1 2:26:13	54778	0.00	54682	0.00	0.00
2000-1-1 2:26:13	54863	0.00	54768	0.00	0.00
2000-1-1 2:26:13	54947	0.00	54853	0.00	0.00
2000-1-1 2:26:14	55033	0.00	54937	0.00	0.00
2000-1-1 2:26:14	55119	0.00	55022	0.00	0.00
2000-1-1 2:26:14	55207	0.00	55109	0.00	0.00
2000-1-1 2:26:14	55291	0.00	55197	0.00	0.00
2000-1-1 2:26:14	55378	0.00	55281	0.00	0.00
2000-1-1 2:26:14	55464	0.00	55368	0.00	0.00
2000-1-1 2:26:14	55548	0.00	55454	0.00	0.00
2000-1-1 2:26:14	55632	0.00	55538	0.00	0.00
2000-1-1 2:26:14	55718	0.00	55622	0.00	0.00
2000-1-1 2:26:14	55805	0.00	55708	0.00	0.00
2000-1-1 2:26:14	55889	0.00	55794	0.00	0.00
2000-1-1 2:26:14	55973	0.00	55878	0.00	0.00
2000-1-1 2:26:15	56059	0.00	55962	0.00	0.00
2000-1-1 2:26:15	56150	0.00	56049	0.00	0.00
2000-1-1 2:26:15	56233	0.00	56138	0.00	0.00
2000-1-1 2:26:15	56318	0.00	56222	0.00	0.00
2000-1-1 2:26:15	56404	0.00	56308	0.00	0.00
2000-1-1 2:26:15	56489	0.00	56394	0.00	0.00
2000-1-1 2:26:15	56573	0.00	56479	0.00	0.00
2000-1-1 2:26:15	56659	0.00	56563	0.00	0.00
2000-1-1 2:26:15	56745	0.00	56648	0.00	0.00
2000-1-1 2:26:15	56830	0.00	56735	0.00	0.00
2000-1-1 2:26:15	56914	0.00	56820	0.00	0.00
2000-1-1 2:26:16	56999	0.00	56904	0.00	0.00
2000-1-1 2:26:16	57090	0.00	56989	0.00	0.00
2000-1-1 2:26:16	57175	0.00	57075	0.00	0.00
2000-1-1 2:26:16	57260	0.00	57164	0.00	0.00
2000-1-1 2:26:16	57345	0.00	57249	0.00	0.00
2000-1-1 2:26:16	57430	0.00	57334	0.00	0.00
2000-1-1 2:26:16	57515	0.00	57419	0.00	0.00
2000-1-1 2:26:16	57601	0.00	57504	0.00	0.00
2000-1-1 2:26:16	57686	0.00	57589	0.00	0.00
2000-1-1 2:26:16	57771	0.00	57674	0.00	0.00
2000-1-1 2:26:16	57856	0.00	57760	0.00	0.00
2000-1-1 2:26:16	57940	0.00	57845	0.00	0.00
2000-1-1 2:26:17	58025	0.00	57930	0.00	0.00
2000-1-1 2:26:17	58115	0.00	58015	0.00	0.00
2000-1-1 2:26:17	58202	0.00	58103	0.00	0.00
2000-1-1 2:26:17	58287	0.00	58191	0.00	0.00
2000-1-1 2:26:17	58371	0.00	58276	0.00	0.00
2000-1-1 2:26:17	58456	0.00	58360	0.00	0.00
2000-1-1 2:26:17	58544	0.00	58445	0.00	0.00
2000-1-1 2:26:17	58629	0.00	58532	0.00	0.00
2000-1-1 2:26:17	58713	0.00	58618	0.00	0.00
2000-1-1 2:26:17	58798	0.00	58702	0.00	0.00
2000-1-1 2:26:17	58884	0.00	58787	0.00	0.00
2000-1-1 2:26:17	58969	0.00	58873	0.00	0.00
2000-1-1 2:26:18	59371	0.00	58958	0.00	0.00
2000-1-1 2:26:18	59455	0.00	59361	0.00	0.00
2000-1-1 2:26:18	59539	0.00	59445	0.00	0.00
2000-1-1 2:26:18	59623	0.00	59528	0.00	0.00
2000-1-1 2:26:18	59709	0.00	59612	0.00	0.00
2000-1-1 2:26:18	59795	0.00	59699	0.00	0.00
2000-1-1 2:26:18	59879	0.00	59785	0.00	0.00
2000-1-1 2:26:18	59963	0.00	59869	0.00	0.00
2000-1-1 2:26:19	60050	0.00	59953	0.00	0.00
2000-1-1 2:26:19	60136	0.00	60040	0.00	0.00
2000-1-1 2:26:19	60220	0.00	60126	0.00	0.00
2000-1-1 2:26:19	60309	0.00	60210	0.00	0.00
2000-1-1 2:26:19	60395	0.00	60294	0.00	0.00
2000-1-1 2:26:19	60480	0.00	60385	0.00	0.00
2000-1-1 2:26:19	60564	0.00	60470	0.00	0.00
2000-1-1 2:26:19	60649	0.00	60554	0.00	0.00
2000-1-1 2:26:19	60736	0.00	60639	0.00	0.00
2000-1-1 2:26:19	60821	0.00	60726	0.00	0.00
2000-1-1 2:26:19	60905	0.00	60811	0.00	0.00
2000-1-1 2:26:20	60990	0.00	60895	0.00	0.00
2000-1-1 2:26:20	61076	0.00	60980	0.00	0.00
2000-1-1 2:26:20	61161	0.00	61066	0.00	0.00
2000-1-1 2:26:20	61245	0.00	61151	0.00	0.00
2000-1-1 2:26:20	61335	0.00	61235	0.00	0.00
2000-1-1 2:26:20	61420	0.00	61325	0.00	0.00
2000-1-1 2:26:20	61505	0.00	61410	0.00	0.00
2000-1-1 2:26:20	61591	0.00	61495	0.00	0.00
2000-1-1 2:26:20	61676	0.00	61580	0.00	0.00
2000-1-1 2:26:20	61761	0.00	61666	0.00	0.00
2000-1-1 2:26:20	61846	0.00	61751	0.00	0.00
2000-1-1 2:26:20	61931	0.00	61836	0.00	0.00
2000-1-1 2:26:21	62016	0.00	61921	0.00	0.00
2000-1-1 2:26:21	62101	0.00	62006	0.00	0.00
2000-1-1 2:26:21	62186	0.00	62091	0.00	0.00
2000-1-1 2:26:21	62276	0.00	62176	0.00	0.00
2000-1-1 2:26:21	62360	0.00	62262	0.00	0.00
2000-1-1 2:26:21	62445	0.00	62350	0.00	0.00
2000-1-1 2:26:21	62532	0.00	62435	0.00	0.00
2000-1-1 2:26:21	62618	0.00	62522	0.00	0.00
2000-1-1 2:26:21	62702	0.00	62608	0.00	0.00
2000-1-1 2:26:21	62787	0.00	62692	0.00	0.00
2000-1-1 2:26:21	62873	0.00	62777	0.00	0.00
2000-1-1 2:26:21	62959	0.00	62863	0.00	0.00
2000-1-1 2:26:22	63043	0.00	62948	0.00	0.00
2000-1-1 2:26:22	63128	0.00	63032	0.00	0.00
2000-1-1 2:26:22	63214	0.00	63118	0.00	0.00
2000-1-1 2:26:22	63303	0.00	63204	0.00	0.00
2000-1-1 2:26:22	63387	0.00	63293	0.00	0.00
2000-1-1 2:26:22	63473	0.00	63377	0.00	0.00
2000-1-1 2:26:22	63559	0.00	63463	0.00	0.00
2000-1-1 2:26:22	63643	0.00	63549	0.00	0.00
2000-1-1 2:26:22	63727	0.00	63633	0.00	0.00
2000-1-1 2:26:22	63814	0.00	63717	0.00	0.00
2000-1-1 2:26:22	63900	0.00	63804	0.00	0.00
2000-1-1 2:26:23	63984	0.00	63890	0.00	0.00
2000-1-1 2:26:23	64068	0.00	63974	0.00	0.00
2000-1-1 2:26:23	64155	0.00	64058	0.00	0.00
2000-1-1 2:26:23	64244	0.00	64144	0.00	0.00
2000-1-1 2:26:23	64328	0.00	64234	0.00	0.00
2000-1-1 2:26:23	64413	0.00	64318	0.00	0.00
2000-1-1 2:26:23	64500	0.00	64403	0.00	0.00
2000-1-1 2:26:23	64585	0.00	64490	0.00	0.00
2000-1-1 2:26:23	64669	0.00	64575	0.00	0.00
2000-1-1 2:26:23	64754	0.00	64659	0.00	0.00
2000-1-1 2:26:23	64841	0.00	64744	0.00	0.00
2000-1-1 2:26:23	64926	0.00	64830	0.00	0.00
2000-1-1 2:26:24	65010	0.00	64915	0.00	0.00
2000-1-1 2:26:24	65095	0.00	64999	0.00	0.00
2000-1-1 2:26:24	65185	0.00	65085	0.00	0.00
2000-1-1 2:26:24	65270	0.00	65171	0.00	0.00
2000-1-1 2:26:24	65355	0.00	65260	0.00	0.00
2000-1-1 2:26:24	65440	0.00	65345	0.00	0.00
2000-1-1 2:26:24	65525	0.00	65430	0.00	0.00
2000-1-1 2:26:24	65610	0.00	65515	0.00	0.00
2000-1-1 2:26:24	65696	0.00	65600	0.00	0.00
2000-1-1 2:26:24	65781	0.00	65685	0.00	0.00
2000-1-1 2:26:24	65866	0.00	65771	0.00	0.00
2000-1-1 2:26:24	65951	0.00	65856	0.00	0.00
2000-1-1 2:26:25	66036	0.00	65941	0.00	0.00
2000-1-1 2:26:25	66121	0.00	66026	0.00	0.00
2000-1-1 2:26:25	66210	0.00	66111	0.00	0.00
2000-1-1 2:26:25	66297	0.00	66200	0.00	0.00
2000-1-1 2:26:25	66383	0.00	66287	0.00	0.00
2000-1-1 2:26:25	66467	0.00	66373	0.00	0.00
2000-1-1 2:26:25	66552	0.00	66457	0.00	0.00
2000-1-1 2:26:25	66640	0.00	66542	0.00	0.00
2000-1-1 2:26:25	66725	0.00	66629	0.00	0.00
2000-1-1 2:26:25	66809	0.00	66714	0.00	0.00
2000-1-1 2:26:25	66894	0.00	66798	0.00	0.00
2000-1-1 2:26:26	66980	0.00	66884	0.00	0.00
2000-1-1 2:26:26	67065	0.00	66970	0.00	0.00
2000-1-1 2:26:26	67480	0.00	67055	0.00	0.00
2000-1-1 2:26:26	67564	0.00	67469	0.00	0.00
2000-1-1 2:26:26	67648	0.00	67553	0.00	0.00
2000-1-1 2:26:26	67732	0.00	67637	0.00	0.00
2000-1-1 2:26:26	67818	0.00	67721	0.00	0.00
2000-1-1 2:26:26	67904	0.00	67808	0.00	0.00
2000-1-1 2:26:27	67988	0.00	67894	0.00	0.00
2000-1-1 2:26:27	68072	0.00	67978	0.00	0.00
2000-1-1 2:26:27	68159	0.00	68062	0.00	0.00
2000-1-1 2:26:27	68245	0.00	68149	0.00	0.00
2000-1-1 2:26:27	68329	0.00	68235	0.00	0.00
2000-1-1 2:26:27	68418	0.00	68319	0.00	0.00
2000-1-1 2:26:27	68505	0.00	68403	0.00	0.00
2000-1-1 2:26:27	68590	0.00	68494	0.00	0.00
2000-1-1 2:26:27	68674	0.00	68580	0.00	0.00
2000-1-1 2:26:27	68759	0.00	68663	0.00	0.00
2000-1-1 2:26:27	68845	0.00	68749	0.00	0.00
2000-1-1 2:26:27	68930	0.00	68835	0.00	0.00
2000-1-1 2:26:28	69014	0.00	68920	0.00	0.00
2000-1-1 2:26:28	69100	0.00	69004	0.00	0.00
2000-1-1 2:26:28	69186	0.00	69090	0.00	0.00
2000-1-1 2:26:28	69271	0.00	69176	0.00	0.00
2000-1-1 2:26:28	69355	0.00	69261	0.00	0.00
2000-1-1 2:26:28	69445	0.00	69345	0.00	0.00
2000-1-1 2:26:28	69530	0.00	69435	0.00	0.00
2000-1-1 2:26:28	69615	0.00	69520	0.00	0.00
2000-1-1 2:26:28	69701	0.00	69605	0.00	0.00
2000-1-1 2:26:28	69786	0.00	69691	0.00	0.00
2000-1-1 2:26:28	69871	0.00	69776	0.00	0.00
2000-1-1 2:26:28	69956	0.00	69861	0.00	0.00
2000-1-1 2:26:29	70041	0.00	69946	0.00	0.00
2000-1-1 2:26:29	70127	0.00	70031	0.00	0.00
2000-1-1 2:26:29	70212	0.00	70117	0.00	0.00
2000-1-1 2:26:29	70297	0.00	70202	0.00	0.00
2000-1-1 2:26:29	70387	0.00	70287	0.00	0.00
2000-1-1 2:26:29	70471	0.00	70372	0.00	0.00
2000-1-1 2:26:29	70556	0.00	70461	0.00	0.00
2000-1-1 2:26:29	70643	0.00	70546	0.00	0.00
2000-1-1 2:26:29	70729	0.00	70633	0.00	0.00
2000-1-1 2:26:29	70813	0.00	70719	0.00	0.00
2000-1-1 2:26:29	70898	0.00	70803	0.00	0.00
2000-1-1 2:26:30	70984	0.00	70888	0.00	0.00
2000-1-1 2:26:30	71070	0.00	70974	0.00	0.00
2000-1-1 2:26:30	71153	0.00	71059	0.00	0.00
2000-1-1 2:26:30	71239	0.00	71143	0.00	0.00
2000-1-1 2:26:30	71325	0.00	71229	0.00	0.00
2000-1-1 2:26:30	71414	0.00	71315	0.00	0.00
2000-1-1 2:26:30	71498	0.00	71403	0.00	0.00
2000-1-1 2:26:30	71584	0.00	71487	0.00	0.00
2000-1-1 2:26:30	71671	0.00	71574	0.00	0.00
2000-1-1 2:26:30	71755	0.00	71661	0.00	0.00
2000-1-1 2:26:30	71839	0.00	71745	0.00	0.00
2000-1-1 2:26:30	71925	0.00	71829	0.00	0.00
2000-1-1 2:26:31	72012	0.00	71915	0.00	0.00
2000-1-1 2:26:31	72095	0.00	72001	0.00	0.00
2000-1-1 2:26:31	72179	0.00	72085	0.00	0.00
2000-1-1 2:26:31	72265	0.00	72169	0.00	0.00
2000-1-1 2:26:31	72355	0.00	72255	0.00	0.00
2000-1-1 2:26:31	72439	0.00	72345	0.00	0.00
2000-1-1 2:26:31	72525	0.00	72429	0.00	0.00
2000-1-1 2:26:31	72611	0.00	72514	0.00	0.00
2000-1-1 2:26:31	72696	0.00	72601	0.00	0.00
2000-1-1 2:26:31	72780	0.00	72686	0.00	0.00
2000-1-1 2:26:31	72865	0.00	72770	0.00	0.00
2000-1-1 2:26:31	72952	0.00	72855	0.00	0.00
2000-1-1 2:26:32	73037	0.00	72942	0.00	0.00
2000-1-1 2:26:32	73121	0.00	73027	0.00	0.00
2000-1-1 2:26:32	73206	0.00	73111	0.00	0.00
2000-1-1 2:26:32	73296	0.00	73196	0.00	0.00
2000-1-1 2:26:32	73381	0.00	73283	0.00	0.00
2000-1-1 2:26:32	73467	0.00	73371	0.00	0.00
2000-1-1 2:26:32	73552	0.00	73457	0.00	0.00
2000-1-1 2:26:32	73637	0.00	73542	0.00	0.00
2000-1-1 2:26:32	73722	0.00	73627	0.00	0.00
2000-1-1 2:26:32	73808	0.00	73712	0.00	0.00
2000-1-1 2:26:32	73893	0.00	73797	0.00	0.00
2000-1-1 2:26:33	73978	0.00	73883	0.00	0.00
2000-1-1 2:26:33	74063	0.00	73968	0.00	0.00
2000-1-1 2:26:33	74149	0.00	74053	0.00	0.00
2000-1-1 2:26:33	74234	0.00	74138	0.00	0.00
2000-1-1 2:26:33	74322	0.00	74223	0.00	0.00
2000-1-1 2:26:33	74409	0.00	74312	0.00	0.00
2000-1-1 2:26:33	74496	0.00	74399	0.00	0.00
2000-1-1 2:26:33	74579	0.00	74485	0.00	0.00
2000-1-1 2:26:33	74664	0.00	74569	0.00	0.00
2000-1-1 2:26:33	74753	0.00	74654	0.00	0.00
2000-1-1 2:26:33	74838	0.00	74742	0.00	0.00
2000-1-1 2:26:33	74921	0.00	74827	0.00	0.00
2000-1-1 2:26:34	75006	0.00	74911	0.00	0.00
2000-1-1 2:26:34	75094	0.00	74996	0.00	0.00
2000-1-1 2:26:34	75179	0.00	75083	0.00	0.00
2000-1-1 2:26:34	75501	0.00	75168	0.00	0.00
2000-1-1 2:26:34	75661	0.00	75252	0.00	0.00
2000-1-1 2:26:34	75745	0.00	75651	0.00	0.00
2000-1-1 2:26:34	75829	0.00	75735	0.00	0.00
2000-1-1 2:26:34	75913	0.00	75819	0.00	0.00
2000-1-1 2:26:35	75999	0.00	75902	0.00	0.00
2000-1-1 2:26:35	76085	0.00	75988	0.00	0.00
2000-1-1 2:26:35	76170	0.00	76075	0.00	0.00
2000-1-1 2:26:35	76253	0.00	76158	0.00	0.00
2000-1-1 2:26:35	76340	0.00	76242	0.00	0.00
2000-1-1 2:26:35	76426	0.00	76329	0.00	0.00
2000-1-1 2:26:35	76510	0.00	76416	0.00	0.00
2000-1-1 2:26:35	76599	0.00	76499	0.00	0.00
2000-1-1 2:26:35	76686	0.00	76589	0.00	0.00
2000-1-1 2:26:35	76771	0.00	76675	0.00	0.00
2000-1-1 2:26:35	76855	0.00	76761	0.00	0.00
2000-1-1 2:26:35	76940	0.00	76845	0.00	0.00
2000-1-1 2:26:36	77027	0.00	76930	0.00	0.00
2000-1-1 2:26:36	77112	0.00	77017	0.00	0.00
2000-1-1 2:26:36	77196	0.00	77102	0.00	0.00
2000-1-1 2:26:36	77281	0.00	77186	0.00	0.00
2000-1-1 2:26:36	77367	0.00	77271	0.00	0.00
2000-1-1 2:26:36	77453	0.00	77357	0.00	0.00
2000-1-1 2:26:36	77541	0.00	77442	0.00	0.00
2000-1-1 2:26:36	77626	0.00	77531	0.00	0.00
2000-1-1 2:26:36	77712	0.00	77616	0.00	0.00
2000-1-1 2:26:36	77797	0.00	77701	0.00	0.00
2000-1-1 2:26:36	77882	0.00	77786	0.00	0.00
2000-1-1 2:26:36	77967	0.00	77872	0.00	0.00
2000-1-1 2:26:37	78052	0.00	77957	0.00	0.00
2000-1-1 2:26:37	78137	0.00	78042	0.00	0.00
2000-1-1 2:26:37	78223	0.00	78127	0.00	0.00
2000-1-1 2:26:37	78308	0.00	78212	0.00	0.00
2000-1-1 2:26:37	78393	0.00	78297	0.00	0.00
2000-1-1 2:26:37	78483	0.00	78383	0.00	0.00
2000-1-1 2:26:37	78568	0.00	78468	0.00	0.00
2000-1-1 2:26:37	78652	0.00	78558	0.00	0.00
2000-1-1 2:26:37	78738	0.00	78642	0.00	0.00
2000-1-1 2:26:37	78825	0.00	78727	0.00	0.00
2000-1-1 2:26:37	78910	0.00	78814	0.00	0.00
2000-1-1 2:26:38	78994	0.00	78900	0.00	0.00
2000-1-1 2:26:38	79080	0.00	78984	0.00	0.00
2000-1-1 2:26:38	79166	0.00	79069	0.00	0.00
2000-1-1 2:26:38	79251	0.00	79156	0.00	0.00
2000-1-1 2:26:38	79335	0.00	79241	0.00	0.00
2000-1-1 2:26:38	79420	0.00	79325	0.00	0.00
2000-1-1 2:26:38	79511	0.00	79410	0.00	0.00
2000-1-1 2:26:38	79595	0.00	79501	0.00	0.00
2000-1-1 2:26:38	79679	0.00	79585	0.00	0.00
2000-1-1 2:26:38	79766	0.00	79669	0.00	0.00
2000-1-1 2:26:38	79852	0.00	79756	0.00	0.00
2000-1-1 2:26:38	79936	0.00	79842	0.00	0.00
2000-1-1 2:26:39	80020	0.00	79926	0.00	0.00
2000-1-1 2:26:39	80107	0.00	80010	0.00	0.00
2000-1-1 2:26:39	80193	0.00	80097	0.00	0.00
2000-1-1 2:26:39	80277	0.00	80183	0.00	0.00
2000-1-1 2:26:39	80361	0.00	80267	0.00	0.00
2000-1-1 2:26:39	80452	0.00	80351	0.00	0.00
2000-1-1 2:26:39	80537	0.00	80442	0.00	0.00
2000-1-1 2:26:39	80621	0.00	80527	0.00	0.00
2000-1-1 2:26:39	80707	0.00	80611	0.00	0.00
2000-1-1 2:26:39	80793	0.00	80697	0.00	0.00
2000-1-1 2:26:39	80878	0.00	80783	0.00	0.00
2000-1-1 2:26:39	80962	0.00	80868	0.00	0.00
2000-1-1 2:26:40	81048	0.00	80952	0.00	0.00
2000-1-1 2:26:40	81133	0.00	81038	0.00	0.00
2000-1-1 2:26:40	81219	0.00	81123	0.00	0.00
2000-1-1 2:26:40	81303	0.00	81208	0.00	0.00
2000-1-1 2:26:40	81392	0.00	81292	0.00	0.00
2000-1-1 2:26:40	81478	0.00	81378	0.00	0.00
2000-1-1 2:26:40	81563	0.00	81468	0.00	0.00
2000-1-1 2:26:40	81648	0.00	81553	0.00	0.00
2000-1-1 2:26:40	81733	0.00	81638	0.00	0.00
2000-1-1 2:26:40	81819	0.00	81723	0.00	0.00
2000-1-1 2:26:40	81904	0.00	81808	0.00	0.00
2000-1-1 2:26:41	81989	0.00	81893	0.00	0.00
2000-1-1 2:26:41	82074	0.00	81979	0.00	0.00
2000-1-1 2:26:41	82159	0.00	82064	0.00	0.00
2000-1-1 2:26:41	82244	0.00	82149	0.00	0.00
2000-1-1 2:26:41	82330	0.00	82234	0.00	0.00
2000-1-1 2:26:41	82418	0.00	82319	0.00	0.00
2000-1-1 2:26:41	82503	0.00	82408	0.00	0.00
2000-1-1 2:26:41	82591	0.00	82493	0.00	0.00
2000-1-1 2:26:41	82676	0.00	82580	0.00	0.00
